timeStamp,robotRealCenCoords,robotHeading
0.0,[nan nan]
0.0,[nan nan]
0.0,[nan nan]
0.0,[nan nan]
0.0,[nan nan]
0.0,[nan nan]
0.0,[nan nan]
0.0,[nan nan]
0.0,[nan nan]
0.0,[nan nan]
0.0,[nan nan]
0.0,[nan nan]
0.0,[nan nan]
0.0,[nan nan]
0.0,[nan nan]
0.0,[nan nan]
0.0,[nan nan]
0.0,[nan nan]
0.0,[nan nan]
0.0,[nan nan]
0.0,[nan nan]
0.0,[nan nan]
0.0,[nan nan]
0.0,[nan nan]
0.0,[nan nan]
0.0,[nan nan]
0.0,[nan nan]
0.0,[nan nan]
0.0,[nan nan]
0.0,[nan nan]
0.0,[nan nan]
0.0,[nan nan]
0.0,[nan nan]
0.0,[nan nan]
0.0,[nan nan]
0.0,[nan nan]
0.0,[nan nan]
0.0,[nan nan]
0.0,[nan nan]
0.0,[nan nan]
0.0,[nan nan]
0.0,[nan nan]
0.0,[nan nan]
0.0,[nan nan]
0.0,[nan nan]
0.0,[nan nan]
0.0,[nan nan]
0.0,[nan nan]
0.0,[nan nan]
0.0,[nan nan]
0.0,[nan nan]
0.0,[nan nan]
0.0,[nan nan]
0.0,[nan nan]
0.0,[nan nan]
0.0,[nan nan]
0.0,[nan nan]
0.0,[nan nan]
0.0,[nan nan]
0.0,[nan nan]
0.0,[nan nan]
0.0,[nan nan]
0.0,[nan nan]
0.0,[nan nan]
0.0,[nan nan]
0.0,[nan nan]
0.0,[nan nan]
0.0,[nan nan]
0.0,[nan nan]
0.0,[nan nan]
0.0,[nan nan]
0.011396100002457388,[nan nan]
0.15563129998918157,[nan nan]
0.302515699993819,[nan nan]
0.44515889999456704,[nan nan]
0.5840953000006266,[nan nan]
0.7145587999984855,[nan nan]
0.8390279000013834,[nan nan]
0.9731335999967996,[nan nan]
1.102547799993772,[nan nan]
1.221100299997488,[nan nan]
1.3574648999929195,[nan nan]
1.4912047999969218,[nan nan]
1.6381936999969184,[nan nan]
1.7883997000026284,[nan nan]
1.9363391999941086,[nan nan]
2.0677728000009665,[nan nan]
2.2170473000005586,[nan nan]
2.3461005999997724,[nan nan]
2.4801703999983147,[nan nan]
2.6180461999902036,[nan nan]
2.7434275999985402,[nan nan]
2.8948269999964396,[nan nan]
3.025708200002555,[nan nan]
3.1557535999891115,[nan nan]
3.297502399989753,[nan nan]
3.4358087000000523,[nan nan]
3.579317700001411,[nan nan]
3.715714599995408,[nan nan]
3.8657057999953395,[nan nan]
3.9921337999985553,[nan nan]
4.131117099997937,[nan nan]
4.268600099996547,[nan nan]
4.411865999994916,[nan nan]
4.537977999993018,[nan nan]
4.657753199993749,[nan nan]
4.816403299992089,[nan nan]
4.957625999988522,[nan nan]
5.095160400000168,[nan nan]
5.222690499998862,[nan nan]
5.357221500002197,[nan nan]
5.476182300000801,[nan nan]
5.609750999996322,[nan nan]
5.735384899991914,[nan nan]
5.875854899990372,[nan nan]
6.030068699998083,[nan nan]
6.156041599999298,[nan nan]
6.296754299997701,[nan nan]
6.433766199988895,[nan nan]
6.566283599997405,[nan nan]
6.711073699989356,[nan nan]
6.831924300000537,[nan nan]
6.96743659999629,[nan nan]
7.1088440000021365,[nan nan]
7.260980999999447,[nan nan]
7.3917390999995405,[nan nan]
7.546547199992347,[nan nan]
7.691238999992493,[nan nan]
7.8429573999892455,[nan nan]
7.99513090000255,[nan nan]
8.148825800002669,[nan nan]
8.278145399992354,[nan nan]
8.411272999990615,[nan nan]
8.531463199993595,[nan nan]
8.65579199999047,[nan nan]
8.784031699993648,[nan nan]
8.918545299995458,[nan nan]
9.051119099996868,[nan nan]
9.20277299999725,[nan nan]
9.372301499999594,[nan nan]
9.533939499990083,[nan nan]
9.674872399991727,[nan nan]
9.809671600000001,[nan nan]
9.957518099996378,[nan nan]
10.073478099991917,[nan nan]
10.200817499993718,[nan nan]
10.32949699999881,[nan nan]
10.45933420000074,[nan nan]
10.58166739999433,[nan nan]
10.708262599990121,[nan nan]
10.857029299993883,[nan nan]
10.993044899994857,[nan nan]
11.119746700001997,[nan nan]
11.240119299996877,[nan nan]
11.38489750000008,[nan nan]
11.522382199997082,[nan nan]
11.663109799992526,[nan nan]
11.795750499994028,[nan nan]
11.950889699990512,[nan nan]
12.0899408999976,[nan nan]
12.240286799991736,[nan nan]
12.394328499998664,[nan nan]
12.531454899988603,[nan nan]
12.664938000001712,[nan nan]
12.819120200001635,[nan nan]
12.9753914999892,[nan nan]
13.123049799993169,[nan nan]
13.268882899996242,[nan nan]
13.399426199990558,[nan nan]
13.54834349999146,[nan nan]
13.684513899992453,[nan nan]
13.839325399996596,[nan nan]
14.00238009999157,[nan nan]
14.143465699991793,[nan nan]
14.281006799996248,[nan nan]
14.430838000000222,[nan nan]
14.569378999993205,[nan nan]
14.712071399990236,[nan nan]
14.849402299994836,[nan nan]
14.991086699999869,[nan nan]
15.136574599993764,[nan nan]
15.272957799999858,[nan nan]
15.416948799989768,[nan nan]
15.548181599995587,[nan nan]
15.673337100000936,[nan nan]
15.796307899989188,[nan nan]
15.932535200001439,[nan nan]
16.058970500002033,[nan nan]
16.17431809999107,[nan nan]
16.308403799994267,[nan nan]
16.429019899995183,[nan nan]
16.54723089998879,[nan nan]
16.67387719999533,[nan nan]
16.787260099998093,[nan nan]
16.92124949999561,[nan nan]
17.044163899990963,[nan nan]
17.167992699993192,[nan nan]
17.306405399998766,[nan nan]
17.435751299999538,[nan nan]
17.566840999992564,[nan nan]
17.69394209999882,[nan nan]
17.820665599996573,[nan nan]
17.941528900002595,[nan nan]
18.06631059999927,[nan nan]
18.203717700002016,[nan nan]
18.329347499995492,[nan nan]
18.45747229999688,[nan nan]
18.585550799994962,[nan nan]
18.718407899999875,[nan nan]
18.84589060000144,[nan nan]
18.975360500000534,[nan nan]
19.110048999995342,[nan nan]
19.237499599999865,[nan nan]
19.371668499996304,[nan nan]
19.495517999996082,[nan nan]
19.63467369999853,[nan nan]
19.765923300001305,[nan nan]
19.892715800000587,[nan nan]
20.035553199995775,[nan nan]
20.157459199996083,[nan nan]
20.291801899991697,[nan nan]
20.431597000002512,[nan nan]
20.5541072999913,[nan nan]
20.67615349999687,[nan nan]
20.799299999998766,[nan nan]
20.950379299989436,[nan nan]
21.085903999992297,[nan nan]
21.218951399991056,[nan nan]
21.339452799991705,[nan nan]
21.467854299989995,[nan nan]
21.605384399998,[nan nan]
21.769065499989665,[nan nan]
21.896237799999653,[nan nan]
22.022650500002783,[nan nan]
22.14706489999662,[nan nan]
22.283864500001073,[nan nan]
22.40421769999375,[nan nan]
22.550350999998045,[nan nan]
22.689325200000894,[nan nan]
22.834766200001468,[nan nan]
22.97442259998934,[nan nan]
23.095472200002405,[nan nan]
23.22838519999641,[nan nan]
23.370627099997364,[nan nan]
23.498117600000114,[nan nan]
23.627299899992067,[nan nan]
23.75544880000234,[nan nan]
23.88052819999575,[nan nan]
24.009752799989656,[nan nan]
24.1550900000002,[nan nan]
24.284006399990176,[nan nan]
24.417828299992834,[nan nan]
24.54895279998891,[nan nan]
24.685601899996982,[nan nan]
24.81304690000252,[nan nan]
24.957336099992972,[nan nan]
25.079217999998946,[nan nan]
25.212444299992057,[nan nan]
25.339355099989916,[nan nan]
25.463726499991026,"(30.317572951316833, 1125.629200965166)",-10.084490002899624
25.593607199989492,"(41.473849177360535, 1124.6093300282955)",-9.93365978923188
25.71853449998889,"(58.188374042510986, 1128.0379531085491)",-10.15409987582581
25.85661629999231,"(69.29326546192169, 1129.7186595499516)",-10.027862612038343
26.000625399989076,"(85.29290020465851, 1132.7395306229591)",-10.006351785021034
26.13134139998874,"(102.53190863132477, 1136.0824490785599)",-10.0229295079103
26.25077020000026,"(119.8770534992218, 1139.0269242823124)",-9.967911480372202
26.375412299996242,"(130.85793387889862, 1141.4088317453861)",-10.099839999285582
26.504367199988337,"(141.961732506752, 1144.0957071781158)",-10.268757407649169
26.645534700001008,"(158.72254157066345, 1146.8628751337528)",-10.2440372454956
26.78516600000148,"(175.5328472852707, 1149.4036683738232)",-9.995549840848657
26.92168079999101,"(186.90151488780975, 1151.0794519484043)",-9.939654134002213
27.05577949999133,"(203.8414684534073, 1154.7914257347584)",-9.967768900173278
27.20108230000187,"(220.4790244102478, 1156.9637714624405)",-9.813736181558442
27.331808499991894,"(237.05301463603973, 1161.0552187561989)",-10.075354624884733
27.46576529998856,"(253.31402254104614, 1163.9758732616901)",-10.110638528363372
27.595130799993058,"(264.69115710258484, 1165.7957831025124)",-10.031237579261974
27.72042230000079,"(281.82240092754364, 1169.1082311868668)",-10.086594554937635
27.861852000001818,"(293.4326140880585, 1170.6990258693695)",-9.753551115913229
27.994467700002133,"(309.7379478216171, 1173.9527098834515)",-9.820982158494179
28.121741999988444,"(326.854874253273, 1176.9758949279785)",-9.844607782833254
28.246434599990607,"(337.9913046360016, 1179.7928916215897)",-10.19746047799799
28.37970889999997,"(354.71474850177765, 1182.2619579732418)",-9.980538792600262
28.51756269999896,"(371.12407529354095, 1185.771954357624)",-9.97796551883046
28.65719569999783,"(382.7463095188141, 1187.2514037787914)",-9.809926643548868
28.784872599993832,"(399.59529197216034, 1190.4772641062737)",-9.747243436214722
28.915530500002205,"(416.49106526374817, 1193.0212172269821)",-9.621322068676367
29.0398881000001,"(427.21812081336975, 1195.1818844676018)",-9.780065910271219
29.179227499989793,"(443.7718744277954, 1198.5921915769577)",-9.829048611903964
29.332909099990502,"(460.9661121368408, 1202.3251018822193)",-9.828879564722007
29.46439329998975,"(476.39470958709717, 1204.8162427842617)",-9.915403547354082
29.60556820000056,"(481.5858474969864, 1204.63733497262)",-9.695012979631635
29.74827440000081,"(491.04679107666016, 1206.8456240594387)",-9.699043645015587
29.879887399991276,"(501.711608171463, 1208.5256033241749)",-9.78343660862662
30.015170999991824,"(510.089910030365, 1210.4168983995914)",-10.120444972464218
30.13331659999676,"(512.9139888286591, 1210.7658904194832)",-10.234983829750748
30.268461499988916,"(516.7720611095428, 1211.733312368393)",-10.474219743166906
30.386074800000642,"(520.2982486486435, 1212.316905528307)",-10.737459502647429
30.50446209999791,"(525.7206066846848, 1212.475544154644)",-11.039669760211106
30.638274299999466,"(529.3141313791275, 1213.071806460619)",-11.425970745515041
30.764888499994413,"(535.5755740404129, 1213.5295001864433)",-11.855669899031591
30.901635499991244,"(539.0362719297409, 1214.9276166558266)",-12.412125410712529
31.021918300000834,"(546.0688549280167, 1215.885736465454)",-13.029539506962186
31.177241799989133,"(549.8472473621368, 1216.7186784148216)",-13.237968705900649
31.300451199989766,"(558.8144015073776, 1217.9016039073467)",-13.790057165381011
31.427687899995362,"(562.9823669195175, 1219.0695792734623)",-14.25101553340777
31.55270400000154,"(570.3120805025101, 1220.9230786561966)",-14.826127706806599
31.68812479999906,"(575.0597525835037, 1221.6119408011436)",-14.897805419504005
31.811856999993324,"(582.2682934999466, 1224.4784026741982)",-15.774729991947357
31.941503699999885,"(591.5764141082764, 1225.7119371891022)",-16.216827646354773
32.070757699999376,"(597.5054605007172, 1227.1733058691025)",-16.651593092688177
32.20077909999236,"(605.2930865287781, 1228.6195808649063)",-17.07728804780381
32.32059579998895,"(610.7818940877914, 1230.3105254769325)",-17.295043016280278
32.45149449999735,"(616.7824741601944, 1231.35195851326)",-17.520954938173034
32.58256769999571,"(625.6811487674713, 1233.2112624049187)",-18.056129287947506
32.69740189998993,"(635.9190100431442, 1236.5660827159882)",-18.779181651221517
32.817515599992475,"(643.3576694726944, 1238.857035458088)",-19.17890993466005
32.94832719999249,"(653.9014120101929, 1242.200372159481)",-19.71683172802816
33.0855845999904,"(660.5662052631378, 1244.5626571178436)",-19.989375058931888
33.21826209999563,"(671.9772883653641, 1247.8180260658264)",-20.084985754481018
33.37091979999968,"(684.8826904296875, 1252.198439002037)",-20.389239946153822
33.52688429999398,"(697.3649349212646, 1256.5823186039925)",-20.55002259921592
33.67513659999531,"(709.142627120018, 1261.5413188934326)",-20.355625170153605
33.808909100000164,"(721.0813565254211, 1266.856795668602)",-20.23242051035762
33.93944919999922,"(730.7130143642426, 1269.8709451556206)",-20.08120865987
34.06878859999415,"(743.7728358507156, 1275.5708815455437)",-19.5263616577386
34.20750649999536,"(755.9953043460846, 1280.096615076065)",-18.418607427200083
34.326258399989456,"(764.6483491659164, 1283.4870967268944)",-17.627198530712583
34.463713799996185,"(778.5915930271149, 1288.9146148562431)",-16.7708942993735
34.590724699999555,"(787.1117166280746, 1291.203601717949)",-15.736970998668234
34.71619419999479,"(800.1434658765793, 1296.4722204208374)",-14.677122007420893
34.844169999996666,"(811.909378528595, 1301.4610700309277)",-13.46004376902715
35.00360999999975,"(821.0222665071487, 1303.7602033019066)",-12.263772848166205
35.13237890000164,"(833.5619231462479, 1308.315837442875)",-10.902091821080477
35.263332000002265,"(845.3402464389801, 1312.8464486002922)",-9.832356984783189
35.39005190000171,"(857.2223416566849, 1314.3350859880447)",-7.8617176356402805
35.521230599988485,"(865.7401640415192, 1317.3148656487465)",-7.068696814508658
35.64408420000109,"(877.6930829286575, 1320.7906089425087)",-5.913279389507675
35.77138939998986,"(885.5438138246536, 1322.6768325716257)",-5.005812345530141
35.89818089999608,"(897.3831033706665, 1323.02641595155)",-3.315908071983331
36.0314759999892,"(905.1647528409958, 1328.313562899828)",-3.0068074342075812
36.1734010999935,"(916.9206091165543, 1327.3409086875618)",-0.9097633749208329
36.30395159999898,"(929.1320412158966, 1329.0092596374452)",0.6590979937023037
36.443613999988884,"(937.3115458488464, 1330.4782391898334)",1.6938969460035056
36.58191649999935,"(949.6689941883087, 1331.0773172453046)",3.2353850508673467
36.70772049999505,"(961.6756892204285, 1331.855455160141)",4.763785872951209
36.82817789999535,"(973.1265698671341, 1332.2369407713413)",6.429652362931217
36.94213929999387,"(980.9640197753906, 1331.4498622119427)",7.595376970276572
37.07604359999823,"(989.6998498439789, 1331.663467168808)",8.503851894043505
37.20126399998844,"(1003.1058833599091, 1330.905803501606)",10.160891645181742
37.32693189999554,"(1011.5999193191528, 1330.8044932484627)",11.280591876578612
37.45795779999753,"(1023.1169872283936, 1330.5221178233624)",12.726596711610025
37.582451099995524,"(1035.5523136854172, 1328.550645828247)",14.62829810768635
37.71203909999167,"(1044.7407001256943, 1328.3383650183678)",15.518614973544803
37.85035719998996,"(1057.2791019678116, 1324.9269832372665)",17.941494808012596
37.971586200001184,"(1070.219068646431, 1322.2784878611565)",19.56841684000566
38.095450799999526,"(1078.7295697927475, 1319.7343434095383)",20.829310741925035
38.22194550000131,"(1087.1756781339645, 1319.1172372102737)",21.73745781661181
38.3529692000011,"(1100.258406162262, 1317.0270025134087)",23.255692755889754
38.48825489998853,"(1108.5323094129562, 1313.0715839266777)",24.899825157043956
38.611877199989976,"(1120.1746863126755, 1310.1347618699074)",26.333246222303266
38.73193129998981,"(1132.3023792505264, 1307.2152262926102)",27.732570983225877
38.86889209999936,"(1139.6445162296295, 1303.0367411375046)",29.132956131017128
38.99325210000097,"(1152.9053103923798, 1296.9529457092285)",31.078914591594195
39.12235249999503,"(1164.6192688941956, 1293.8088247776031)",32.370284797590166
39.24741029999859,"(1172.1317776441574, 1290.2936792373657)",33.28243948577244
39.36696659999143,"(1179.0900906324387, 1285.8276561498642)",34.60703514698594
39.50501829999848,"(1191.1698461771011, 1281.319755911827)",35.90022559839572
39.647544099992956,"(1199.8294883966446, 1272.3232998847961)",38.661732551534406
39.7795269999915,"(1206.7024564743042, 1269.6554118394852)",39.52589491551359
39.90797790000215,"(1216.2290399074554, 1263.9946707487106)",40.72024228434953
40.0372226999898,"(1225.9320530891418, 1259.1538659334183)",41.80868757010442
40.20881019999797,"(1231.645654797554, 1253.563701748848)",43.360076247613605
40.34003629999643,"(1243.7162292003632, 1245.795314669609)",45.41822056530813
40.48768659999769,"(1254.0817185640335, 1242.4544450044632)",45.72411741747633
40.61588159999519,"(1257.6179049015045, 1235.8250600099564)",47.43389476674352
40.73209889999998,"(1266.633403301239, 1229.6461297273636)",48.78475933550489
40.862392900002305,"(1272.2259281873703, 1225.8278079032898)",49.29688350437786
40.99082289999933,"(1278.743824005127, 1216.466381430626)",51.759255492626664
41.10750509999343,"(1284.7312750816345, 1212.305450797081)",52.537722888184284
41.233896599995205,"(1292.7866877317429, 1205.5795257091522)",53.512466014825975
41.35311519999232,"(1299.8882811069489, 1197.6510865688324)",55.173274322838765
41.48767509999743,"(1304.9297975301743, 1192.033757686615)",56.429048997975215
41.614183699988644,"(1310.0017671585083, 1186.4397002458572)",57.232999829326154
41.728653199999826,"(1317.0170856714249, 1178.1201122999191)",58.94307087672766
41.851474600000074,"(1323.2146629095078, 1174.1815025806427)",59.52731842814138
41.98491220000142,"(1328.0017040967941, 1164.8235656023026)",61.564476989611045
42.11139700000058,"(1333.1321291923523, 1159.742484331131)",62.3342119883148
42.234669699988444,"(1339.8589232563972, 1150.6305352449417)",63.95698297283979
42.358142600001884,"(1343.9660341143608, 1143.9604638814926)",65.16382275766769
42.510901599991485,"(1351.2335491776466, 1134.58365380764)",66.43235281107913
42.64623149999534,"(1356.8487092852592, 1123.9910233020782)",68.30136577556142
42.77585169998929,"(1364.763893187046, 1113.8172951936722)",69.41599117640497
42.9121596999903,"(1369.702126443386, 1106.3749299049377)",70.3889038123491
43.03795969999919,"(1374.6908822059631, 1094.774559020996)",72.11582152133845
43.16931250000198,"(1378.3585132956505, 1086.4486464262009)",73.4489446737307
43.294993499992415,"(1383.0099104046822, 1074.9724415540695)",75.46199949761939
43.42529719999584,"(1389.7040203511715, 1064.1149492263794)",76.44900964401042
43.56395070000144,"(1392.1456419229507, 1055.477321267128)",77.67543158118873
43.67593849998957,"(1395.2749551832676, 1042.372614622116)",79.83637366098654
43.798391299991636,"(1400.187815964222, 1034.7338913679123)",80.50385389762604
43.91854020000028,"(1402.1692509651184, 1021.925964474678)",82.73694326562669
44.035138199993526,"(1405.0168854296207, 1012.9237447977066)",83.8392333448292
44.15615319999051,"(1409.9098607897758, 998.3796939849854)",85.20555121658772
44.28187099999923,"(1411.8893569856882, 988.4825128316879)",86.20426147702698
44.410319699993124,"(1412.8674303628504, 973.6721291542053)",88.23184411328029
44.52903679999872,"(1417.5809729211032, 963.8894555568695)",88.79517762545542
44.651831900002435,"(1421.1758861485869, 943.834841132164)",90.3329264151921
44.78352040000027,"(1423.265922702849, 931.0897911787033)",91.65036062306083
44.908144399989396,"(1422.1157001554966, 918.0119504928589)",94.05231275791171
45.038398699995014,"(1422.941895082593, 896.4183753728867)",96.07765509211725
45.16802669999015,"(1420.8307844400406, 874.2043447494507)",98.53164643825446
45.29410889999417,"(1422.116569429636, 858.5576260089874)",99.27454562370923
45.41768269999011,"(1418.9061590135098, 835.2354315519333)",100.95268212164635
45.5340545999934,"(1417.9292835593224, 818.4818603992462)",100.98835619968132
45.6579073999892,"(1413.189310759306, 791.9378625154495)",100.73400678517922
45.79539629998908,"(1413.9536423683167, 774.3002192974091)",99.21700127995187
45.92584679998981,"(1408.888092726469, 747.3673448562622)",99.06709228804843
46.119149999998626,"(1406.1223922669888, 729.2346156835556)",98.62077357673395
46.26842919999035,"(1401.2306017577648, 693.2921174764633)",97.58802165347134
46.41038439999102,"(1396.136246189475, 666.2973548173904)",96.79856106844458
46.53637789998902,"(1390.690210133791, 638.5489357709885)",96.73634487529495
46.653688699996565,"(1392.0808926522732, 610.6483829021454)",94.9026713095783
46.77693700000236,"(1390.5832626223564, 591.4700856208801)",94.37700629067578
46.89039629999024,"(1391.4677745252848, 562.8742299079895)",92.79822172440566
47.016034699990996,"(1389.8185375705361, 543.7497185468674)",92.48607524914692
47.15356149998843,"(1385.4457486569881, 524.1758931875229)",92.74045198440571
47.29597289999947,"(1387.0612846650183, 495.526176571846)",91.47098619507797
47.432891599994036,"(1383.9317795149982, 465.99184787273407)",91.41644713455541
47.54726989999472,"(1384.995064555318, 437.81358766555786)",90.04024597906788
47.66435239999555,"(1383.5816258245613, 418.51320540905)",90.11008466333126
47.848191700002644,"(1384.8956590555608, 399.7130780220032)",89.49797677029306
47.96714429999702,"(1386.0298604555428, 362.7888789176941)",89.07125387170734
48.09236909999163,"(1386.2044952623546, 343.7088477611542)",88.71089992128664
48.20745380000153,"(1384.4286895450205, 314.84251046180725)",89.36169400578379
48.31617219999316,"(1389.6130396351218, 297.9015200138092)",88.78663305880374
48.440589799996815,"(1385.2299279430881, 279.67819833755493)",90.3285072827991
48.57515809999313,"(1391.3949634674937, 252.60528075695038)",89.20885486272643
48.692720199993346,"(1387.7750020679086, 234.15535759925842)",90.73850304810746
48.812342599994736,"(1390.9353045709431, 207.2483855485916)",91.19245108072484
