timeStamp,filteredValues
0.3522398240002076,0.0,0.0,0.0,0.0,0.0,0.0,0.0,0.0,0.0,0.0,0.0,0.0,0.0,0.0,0.0,0.0,0.0,0.0,0.0,0.0,0.0,0.0,0.0,0.0,0.0,0.0,0.0,0.0,0.0,0.0,0.0,0.0,0.0,0.0,0.0,0.0,0.0,0.0,0.0,0.0,0.0,0.0,0.0,0.0,0.0,0.0,0.0,0.0,0.0,0.0
0.5408091939998485,0.0,0.0,0.0,0.0,0.0,0.0,0.0,0.0,0.0,0.0,0.0,0.0,0.0,0.0,0.0,0.0,0.0,0.0,0.0,0.0,0.0,0.0,0.0,0.0,0.0,0.0,0.0,0.0,0.0,0.0,0.0,0.0,0.0,0.0,0.0,0.0,0.0,0.0,0.0,0.0,0.0,0.0,0.0,0.0,0.0,0.0,0.0,0.0,0.0,0.0
0.7251046790001965,0.0,0.0,0.0,0.0,0.0,0.0,0.0,0.0,0.0,0.0,0.0,0.0,0.0,0.0,0.0,0.0,0.0,0.0,0.0,0.0,0.0,0.0,0.0,0.0,0.0,0.0,0.0,0.0,0.0,0.0,0.0,0.0,0.0,0.0,0.0,0.0,0.0,0.0,0.0,0.0,0.0,0.0,0.0,0.0,0.0,0.0,0.0,0.0,0.0,0.0
0.90912642100011,0.0,0.0,0.0,0.0,0.0,0.0,0.0,0.0,0.0,0.0,0.0,0.0,0.0,0.0,0.0,0.0,0.0,0.0,0.0,0.0,0.0,0.0,0.0,0.0,0.0,0.0,0.0,0.0,0.0,0.0,0.0,0.0,0.0,0.0,0.0,0.0,0.0,0.0,0.0,0.0,0.0,0.0,0.0,0.0,0.0,0.0,0.0,0.0,0.0,0.0
1.0939630160000888,0.0,0.0,0.0,0.0,0.0,0.0,0.0,0.0,0.0,0.0,0.0,0.0,0.0,0.0,0.0,0.0,0.0,0.0,0.0,0.0,0.0,0.0,0.0,0.0,0.0,0.0,0.0,0.0,0.0,0.0,0.0,0.0,0.0,0.0,0.0,0.0,0.0,0.0,0.0,0.0,0.0,0.0,0.0,0.0,0.0,0.0,0.0,0.0,0.0,0.0
1.281841613999859,0.0,0.0,0.0,0.0,0.0,0.0,0.0,0.0,0.0,0.0,0.0,0.0,0.0,0.0,0.0,0.0,0.0,0.0,0.0,0.0,0.0,0.0,0.0,0.0,0.0,0.0,0.0,0.0,0.0,0.0,0.0,0.0,0.0,0.0,0.0,0.0,0.0,0.0,0.0,0.0,0.0,0.0,0.0,0.0,0.0,0.0,0.0,0.0,0.0,0.0
1.4659697699999015,0.0,0.0,0.0,0.0,0.0,0.0,0.0,0.0,0.0,0.0,0.0,0.0,0.0,0.0,0.0,0.0,0.0,0.0,0.0,0.0,0.0,0.0,0.0,0.0,0.0,0.0,0.0,0.0,0.0,0.0,0.0,0.0,0.0,0.0,0.0,0.0,0.0,0.0,0.0,0.0,0.0,0.0,0.0,0.0,0.0,0.0,0.0,0.0,0.0,0.0
1.650805198999933,0.0,0.0,0.0,0.0,0.0,0.0,0.0,0.0,0.0,0.0,0.0,0.0,0.0,0.0,0.0,0.0,0.0,0.0,0.0,0.0,0.0,0.0,0.0,0.0,0.0,0.0,0.0,0.0,0.0,0.0,0.0,0.0,0.0,0.0,0.0,0.0,0.0,0.0,0.0,0.0,0.0,0.0,0.0,0.0,0.0,0.0,0.0,0.0,0.0,0.0
1.8350418939999145,0.0,0.0,0.0,0.0,0.0,0.0,0.0,0.0,0.0,0.0,0.0,0.0,0.0,0.0,0.0,0.0,0.0,0.0,0.0,0.0,0.0,0.0,0.0,0.0,0.0,0.0,0.0,0.0,0.0,0.0,0.0,0.0,0.0,0.0,0.0,0.0,0.0,0.0,0.0,0.0,0.0,0.0,0.0,0.0,0.0,0.0,0.0,0.0,0.0,0.0
2.019033679000131,0.0,0.0,0.0,0.0,0.0,0.0,0.0,0.0,0.0,0.0,0.0,0.0,0.0,0.0,0.0,0.0,0.0,0.0,0.0,0.0,0.0,0.0,0.0,0.0,0.0,0.0,0.0,0.0,0.0,0.0,0.0,0.0,0.0,0.0,0.0,0.0,0.0,0.0,0.0,0.0,0.0,0.0,0.0,0.0,0.0,0.0,0.0,0.0,0.0,0.0
2.203894524000134,0.0,0.0,0.0,0.0,0.0,0.0,0.0,0.0,0.0,0.0,0.0,0.0,0.0,0.0,0.0,0.0,0.0,0.0,0.0,0.0,0.0,0.0,0.0,0.0,0.0,0.0,0.0,0.0,0.0,0.0,0.0,0.0,0.0,0.0,0.0,0.0,0.0,0.0,0.0,0.0,0.0,0.0,0.0,0.0,0.0,0.0,0.0,0.0,0.0,0.0
2.3882391329998427,0.0,0.0,0.0,0.0,0.0,0.0,0.0,0.0,0.0,0.0,0.0,0.0,0.0,0.0,0.0,0.0,0.0,0.0,0.0,0.0,0.0,0.0,0.0,0.0,0.0,0.0,0.0,0.0,0.0,0.0,0.0,0.0,0.0,0.0,0.0,0.0,0.0,0.0,0.0,0.0,0.0,0.0,0.0,0.0,0.0,0.0,0.0,0.0,0.0,0.0
2.5721487539999544,0.0,0.0,0.0,0.0,0.0,0.0,0.0,0.0,0.0,0.0,0.0,0.0,0.0,0.0,0.0,0.0,0.0,0.0,0.0,0.0,0.0,0.0,0.0,0.0,0.0,0.0,0.0,0.0,0.0,0.0,0.0,0.0,0.0,0.0,0.0,0.0,0.0,0.0,0.0,0.0,0.0,0.0,0.0,0.0,0.0,0.0,0.0,0.0,0.0,0.0
2.756022710000252,0.0,0.0,0.0,0.0,0.0,0.0,0.0,0.0,0.0,0.0,0.0,0.0,0.0,0.0,0.0,0.0,0.0,0.0,0.0,0.0,0.0,0.0,0.0,0.0,0.0,0.0,0.0,0.0,0.0,0.0,0.0,0.0,0.0,0.0,0.0,0.0,0.0,0.0,0.0,0.0,0.0,0.0,0.0,0.0,0.0,0.0,0.0,0.0,0.0,0.0
2.9411319649998404,0.0,0.0,0.0,0.0,0.0,0.0,0.0,0.0,0.0,0.0,0.0,0.0,0.0,0.0,0.0,0.0,0.0,0.0,0.0,0.0,0.0,0.0,0.0,0.0,0.0,0.0,0.0,0.0,0.0,0.0,0.0,0.0,0.0,0.0,0.0,0.0,0.0,0.0,0.0,0.0,0.0,0.0,0.0,0.0,0.0,0.0,0.0,0.0,0.0,0.0
3.1251594159998604,0.0,0.0,0.0,0.0,0.0,0.0,0.0,0.0,0.0,0.0,0.0,0.0,0.0,0.0,0.0,0.0,0.0,0.0,0.0,0.0,0.0,0.0,0.0,0.0,0.0,0.0,0.0,0.0,0.0,0.0,0.0,0.0,0.0,0.0,0.0,0.0,0.0,0.0,0.0,0.0,0.0,0.0,0.0,0.0,0.0,0.0,0.0,0.0,0.0,0.0
3.3088325019998592,0.0,0.0,0.0,0.0,0.0,0.0,0.0,0.0,0.0,0.0,0.0,0.0,0.0,0.0,0.0,0.0,0.0,0.0,0.0,0.0,0.0,0.0,0.0,0.0,0.0,0.0,0.0,0.0,0.0,0.0,0.0,0.0,0.0,0.0,0.0,0.0,0.0,0.0,0.0,0.0,0.0,0.0,0.0,0.0,0.0,0.0,0.0,0.0,0.0,0.0
3.493957383000179,0.0,0.0,0.0,0.0,0.0,0.0,0.0,0.0,0.0,0.0,0.0,0.0,0.0,0.0,0.0,0.0,0.0,0.0,0.0,0.0,0.0,0.0,0.0,0.0,0.0,0.0,0.0,0.0,0.0,0.0,0.0,0.0,0.0,0.0,0.0,0.0,0.0,0.0,0.0,0.0,0.0,0.0,0.0,0.0,0.0,0.0,0.0,0.0,0.0,0.0
3.6782721180002227,0.0,0.0,0.0,0.0,0.0,0.0,0.0,0.0,0.0,0.0,0.0,0.0,0.0,0.0,0.0,0.0,0.0,0.0,0.0,0.0,0.0,0.0,0.0,0.0,0.0,0.0,0.0,0.0,0.0,0.0,0.0,0.0,0.0,0.0,0.0,0.0,0.0,0.0,0.0,0.0,0.0,0.0,0.0,0.0,0.0,0.0,0.0,0.0,0.0,0.0
3.8621889890000602,0.0,0.0,0.0,0.0,0.0,0.0,0.0,0.0,0.0,0.0,0.0,0.0,0.0,0.0,0.0,0.0,0.0,0.0,0.0,0.0,0.0,0.0,0.0,0.0,0.0,0.0,0.0,0.0,0.0,0.0,0.0,0.0,0.0,0.0,0.0,0.0,0.0,0.0,0.0,0.0,0.0,0.0,0.0,0.0,0.0,0.0,0.0,0.0,0.0,0.0
4.047033543999987,0.0,0.0,0.0,0.0,0.0,0.0,0.0,0.0,0.0,0.0,0.0,0.0,0.0,0.0,0.0,0.0,0.0,0.0,0.0,0.0,0.0,0.0,0.0,0.0,0.0,0.0,0.0,0.0,0.0,0.0,0.0,0.0,0.0,0.0,0.0,0.0,0.0,0.0,0.0,0.0,0.0,0.0,0.0,0.0,0.0,0.0,0.0,0.0,0.0,0.0
4.230819251999947,0.0,0.0,0.0,0.0,0.0,0.0,0.0,0.0,0.0,0.0,0.0,0.0,0.0,0.0,0.0,0.0,0.0,0.0,0.0,0.0,0.0,0.0,0.0,0.0,0.0,0.0,0.0,0.0,0.0,0.0,0.0,0.0,0.0,0.0,0.0,0.0,0.0,0.0,0.0,0.0,0.0,0.0,0.0,0.0,0.0,0.0,0.0,0.0,0.0,0.0
4.415030323999872,0.0,0.0,0.0,0.0,0.0,0.0,0.0,0.0,0.0,0.0,0.0,0.0,0.0,0.0,0.0,0.0,0.0,0.0,0.0,0.0,0.0,0.0,0.0,0.0,0.0,0.0,0.0,0.0,0.0,0.0,0.0,0.0,0.0,0.0,0.0,0.0,0.0,0.0,0.0,0.0,0.0,0.0,0.0,0.0,0.0,0.0,0.0,0.0,0.0,0.0
4.59981279800013,0.0,0.0,0.0,0.0,0.0,0.0,0.0,0.0,0.0,0.0,0.0,0.0,0.0,0.0,0.0,0.0,0.0,0.0,0.0,0.0,0.0,0.0,0.0,0.0,0.0,0.0,0.0,0.0,0.0,0.0,0.0,0.0,0.0,0.0,0.0,0.0,0.0,0.0,0.0,0.0,0.0,0.0,0.0,0.0,0.0,0.0,0.0,0.0,0.0,0.0
4.783767126999919,0.0,0.0,0.0,0.0,0.0,0.0,0.0,0.0,0.0,0.0,0.0,0.0,0.0,0.0,0.0,0.0,0.0,0.0,0.0,0.0,0.0,0.0,0.0,0.0,0.0,0.0,0.0,0.0,0.0,0.0,0.0,0.0,0.0,0.0,0.0,0.0,0.0,0.0,0.0,0.0,0.0,0.0,0.0,0.0,0.0,0.0,0.0,0.0,0.0,0.0
4.96796303300016,0.0,0.0,0.0,0.0,0.0,0.0,0.0,0.0,0.0,0.0,0.0,0.0,0.0,0.0,0.0,0.0,0.0,0.0,0.0,0.0,0.0,0.0,0.0,0.0,0.0,0.0,0.0,0.0,0.0,0.0,0.0,0.0,0.0,0.0,0.0,0.0,0.0,0.0,0.0,0.0,0.0,0.0,0.0,0.0,0.0,0.0,0.0,0.0,0.0,0.0
5.151852155000142,0.0,0.0,0.0,0.0,0.0,0.0,0.0,0.0,0.0,0.0,0.0,0.0,0.0,0.0,0.0,0.0,0.0,0.0,0.0,0.0,0.0,0.0,0.0,0.0,0.0,0.0,0.0,0.0,0.0,0.0,0.0,0.0,0.0,0.0,0.0,0.0,0.0,0.0,0.0,0.0,0.0,0.0,0.0,0.0,0.0,0.0,0.0,0.0,0.0,0.0
5.3367527089999385,0.0,0.0,0.0,0.0,0.0,0.0,0.0,0.0,0.0,0.0,0.0,0.0,0.0,0.0,0.0,0.0,0.0,0.0,0.0,0.0,0.0,0.0,0.0,0.0,0.0,0.0,0.0,0.0,0.0,0.0,0.0,0.0,0.0,0.0,0.0,0.0,0.0,0.0,0.0,0.0,0.0,0.0,0.0,0.0,0.0,0.0,0.0,0.0,0.0,0.0
5.521133485000064,0.0,0.0,0.0,0.0,0.0,0.0,0.0,0.0,0.0,0.0,0.0,0.0,0.0,0.0,0.0,0.0,0.0,0.0,0.0,0.0,0.0,0.0,0.0,0.0,0.0,0.0,0.0,0.0,0.0,0.0,0.0,0.0,0.0,0.0,0.0,0.0,0.0,0.0,0.0,0.0,0.0,0.0,0.0,0.0,0.0,0.0,0.0,0.0,0.0,0.0
5.704597035999996,0.0,0.0,0.0,0.0,0.0,0.0,0.0,0.0,0.0,0.0,0.0,0.0,0.0,0.0,0.0,0.0,0.0,0.0,0.0,0.0,0.0,0.0,0.0,0.0,0.0,0.0,0.0,0.0,0.0,0.0,0.0,0.0,0.0,0.0,0.0,0.0,0.0,0.0,0.0,0.0,0.0,0.0,0.0,0.0,0.0,0.0,0.0,0.0,0.0,0.0
5.889883162999922,0.0,0.0,0.0,0.0,0.0,0.0,0.0,0.0,0.0,0.0,0.0,0.0,0.0,0.0,0.0,0.0,0.0,0.0,0.0,0.0,0.0,0.0,0.0,0.0,0.0,0.0,0.0,0.0,0.0,0.0,0.0,0.0,0.0,0.0,0.0,0.0,0.0,0.0,0.0,0.0,0.0,0.0,0.0,0.0,0.0,0.0,0.0,0.0,0.0,0.0
6.073722578999877,0.0,0.0,0.0,0.0,0.0,0.0,0.0,0.0,0.0,0.0,0.0,0.0,0.0,0.0,0.0,0.0,0.0,0.0,0.0,0.0,0.0,0.0,0.0,0.0,0.0,0.0,0.0,0.0,0.0,0.0,0.0,0.0,0.0,0.0,0.0,0.0,0.0,0.0,0.0,0.0,0.0,0.0,0.0,0.0,0.0,0.0,0.0,0.0,0.0,0.0
6.257437040000241,0.0,0.0,0.0,0.0,0.0,0.0,0.0,0.0,0.0,0.0,0.0,0.0,0.0,0.0,0.0,0.0,0.0,0.0,0.0,0.0,0.0,0.0,0.0,0.0,0.0,0.0,0.0,0.0,0.0,0.0,0.0,0.0,0.0,0.0,0.0,0.0,0.0,0.0,0.0,0.0,0.0,0.0,0.0,0.0,0.0,0.0,0.0,0.0,0.0,0.0
6.442743167000117,0.0,0.0,0.0,0.0,0.0,0.0,0.0,0.0,0.0,0.0,0.0,0.0,0.0,0.0,0.0,0.0,0.0,0.0,0.0,0.0,0.0,0.0,0.0,0.0,0.0,0.0,0.0,0.0,0.0,0.0,0.0,0.0,0.0,0.0,0.0,0.0,0.0,0.0,0.0,0.0,0.0,0.0,0.0,0.0,0.0,0.0,0.0,0.0,0.0,0.0
6.626695247000043,0.0,0.0,0.0,0.0,0.0,0.0,0.0,0.0,0.0,0.0,0.0,0.0,0.0,0.0,0.0,0.0,0.0,0.0,0.0,0.0,0.0,0.0,0.0,0.0,0.0,0.0,0.0,0.0,0.0,0.0,0.0,0.0,0.0,0.0,0.0,0.0,0.0,0.0,0.0,0.0,0.0,0.0,0.0,0.0,0.0,0.0,0.0,0.0,0.0,0.0
6.810606868999912,0.0,0.0,0.0,0.0,0.0,0.0,0.0,0.0,0.0,0.0,0.0,0.0,0.0,0.0,0.0,0.0,0.0,0.0,0.0,0.0,0.0,0.0,0.0,0.0,0.0,0.0,0.0,0.0,0.0,0.0,0.0,0.0,0.0,0.0,0.0,0.0,0.0,0.0,0.0,0.0,0.0,0.0,0.0,0.0,0.0,0.0,0.0,0.0,0.0,0.0
6.995599671000036,0.0,0.0,0.0,0.0,0.0,0.0,0.0,0.0,0.0,0.0,0.0,0.0,0.0,0.0,0.0,0.0,0.0,0.0,0.0,0.0,0.0,0.0,0.0,0.0,0.0,0.0,0.0,0.0,0.0,0.0,0.0,0.0,0.0,0.0,0.0,0.0,0.0,0.0,0.0,0.0,0.0,0.0,0.0,0.0,0.0,0.0,0.0,0.0,0.0,0.0
7.180029404999914,0.0,0.0,0.0,0.0,0.0,0.0,0.0,0.0,0.0,0.0,0.0,0.0,0.0,0.0,0.0,0.0,0.0,0.0,0.0,0.0,0.0,0.0,0.0,0.0,0.0,0.0,0.0,0.0,0.0,0.0,0.0,0.0,0.0,0.0,0.0,0.0,0.0,0.0,0.0,0.0,0.0,0.0,0.0,0.0,0.0,0.0,0.0,0.0,0.0,0.0
7.363785157000166,0.0,0.0,0.0,0.0,0.0,0.0,0.0,0.0,0.0,0.0,0.0,0.0,0.0,0.0,0.0,0.0,0.0,0.0,0.0,0.0,0.0,0.0,0.0,0.0,0.0,0.0,0.0,0.0,0.0,0.0,0.0,0.0,0.0,0.0,0.0,0.0,0.0,0.0,0.0,0.0,0.0,0.0,0.0,0.0,0.0,0.0,0.0,0.0,0.0,0.0
7.548793292000028,0.0,0.0,0.0,0.0,0.0,0.0,0.0,0.0,0.0,0.0,0.0,0.0,0.0,0.0,0.0,0.0,0.0,0.0,0.0,0.0,0.0,0.0,0.0,0.0,0.0,0.0,0.0,0.0,0.0,0.0,0.0,0.0,0.0,0.0,0.0,0.0,0.0,0.0,0.0,0.0,0.0,0.0,0.0,0.0,0.0,0.0,0.0,0.0,0.0,0.0
7.732920160000049,0.0,0.0,0.0,0.0,0.0,0.0,0.0,0.0,0.0,0.0,0.0,0.0,0.0,0.0,0.0,0.0,0.0,0.0,0.0,0.0,0.0,0.0,0.0,0.0,0.0,0.0,0.0,0.0,0.0,0.0,0.0,0.0,0.0,0.0,0.0,0.0,0.0,0.0,0.0,0.0,0.0,0.0,0.0,0.0,0.0,0.0,0.0,0.0,0.0,0.0
7.916808700000274,0.0,0.0,0.0,0.0,0.0,0.0,0.0,0.0,0.0,0.0,0.0,0.0,0.0,0.0,0.0,0.0,0.0,0.0,0.0,0.0,0.0,0.0,0.0,0.0,0.0,0.0,0.0,0.0,0.0,0.0,0.0,0.0,0.0,0.0,0.0,0.0,0.0,0.0,0.0,0.0,0.0,0.0,0.0,0.0,0.0,0.0,0.0,0.0,0.0,0.0
8.100879151999834,0.0,0.0,0.0,0.0,0.0,0.0,0.0,0.0,0.0,0.0,0.0,0.0,0.0,0.0,0.0,0.0,0.0,0.0,0.0,0.0,0.0,0.0,0.0,0.0,0.0,0.0,0.0,0.0,0.0,0.0,0.0,0.0,0.0,0.0,0.0,0.0,0.0,0.0,0.0,0.0,0.0,0.0,0.0,0.0,0.0,0.0,0.0,0.0,0.0,0.0
8.285724751000089,0.0,0.0,0.0,0.0,0.0,0.0,0.0,0.0,0.0,0.0,0.0,0.0,0.0,0.0,0.0,0.0,0.0,0.0,0.0,0.0,0.0,0.0,0.0,0.0,0.0,0.0,0.0,0.0,0.0,0.0,0.0,0.0,0.0,0.0,0.0,0.0,0.0,0.0,0.0,0.0,0.0,0.0,0.0,0.0,0.0,0.0,0.0,0.0,0.0,0.0
8.469855535000079,0.0,0.0,0.0,0.0,0.0,0.0,0.0,0.0,0.0,0.0,0.0,0.0,0.0,0.0,0.0,0.0,0.0,0.0,0.0,0.0,0.0,0.0,0.0,0.0,0.0,0.0,0.0,0.0,0.0,0.0,0.0,0.0,0.0,0.0,0.0,0.0,0.0,0.0,0.0,0.0,0.0,0.0,0.0,0.0,0.0,0.0,0.0,0.0,0.0,0.0
8.65399840200007,0.0,0.0,0.0,0.0,0.0,0.0,0.0,0.0,0.0,0.0,0.0,0.0,0.0,0.0,0.0,0.0,0.0,0.0,0.0,0.0,0.0,0.0,0.0,0.0,0.0,0.0,0.0,0.0,0.0,0.0,0.0,0.0,0.0,0.0,0.0,0.0,0.0,0.0,0.0,0.0,0.0,0.0,0.0,0.0,0.0,0.0,0.0,0.0,0.0,0.0
8.839080994000142,0.0,0.0,0.0,0.0,0.0,0.0,0.0,0.0,0.0,0.0,0.0,0.0,0.0,0.0,0.0,0.0,0.0,0.0,0.0,0.0,0.0,0.0,0.0,0.0,0.0,0.0,0.0,0.0,0.0,0.0,0.0,0.0,0.0,0.0,0.0,0.0,0.0,0.0,0.0,0.0,0.0,0.0,0.0,0.0,0.0,0.0,0.0,0.0,0.0,0.0
9.022994368000127,0.0,0.0,0.0,0.0,0.0,0.0,0.0,0.0,0.0,0.0,0.0,0.0,0.0,0.0,0.0,0.0,0.0,0.0,0.0,0.0,0.0,0.0,0.0,0.0,0.0,0.0,0.0,0.0,0.0,0.0,0.0,0.0,0.0,0.0,0.0,0.0,0.0,0.0,0.0,0.0,0.0,0.0,0.0,0.0,0.0,0.0,0.0,0.0,0.0,0.0
9.210371774000123,0.0,0.0,0.0,0.0,0.0,0.0,0.0,0.0,0.0,0.0,0.0,0.0,0.0,0.0,0.0,0.0,0.0,0.0,0.0,0.0,0.0,0.0,0.0,0.0,0.0,0.0,0.0,0.0,0.0,0.0,0.0,0.0,0.0,0.0,0.0,0.0,0.0,0.0,0.0,0.0,0.0,0.0,0.0,0.0,0.0,0.0,0.0,0.0,0.0,0.0
9.395858105000116,-3.353165371285273,-3.540117716986012,-3.718356210410093,-3.8847469806989974,-4.035812388948614,-4.167715781580068,-4.276247679448133,-4.35681375859749,-4.404425013017465,-4.413690525281156,-4.378813307381353,-4.293589711150112,-4.1514129450854105,-3.9452812718745394,-3.6678114980179033,-3.311258403283529,-2.867540792770076,-2.3282748875728947,-1.6848158008188556,-0.928307873480354,-0.0497446681470588,0.9599605619958629,2.1098930982573645,3.409042837959177,4.866197395442649,6.489821395056376,8.287921147987769,10.26789393538702,12.436361163384065,14.798984712741497,17.36026587850987,20.123326384709085,23.089671067358744,26.258931947776176,29.62859356864491,33.19369963964493,36.9465412391561,40.87632704541902,44.968836326261155,49.20605570272163,53.565801020219986,58.02132601279963,62.540919832798124,67.08749594125995,71.61817531452301,76.0838674204581,80.42885295432238,84.59037289928742,88.49942709161117,92.08518406767855
9.58006709600022,-3.452305454717521,-3.637141097139739,-3.8119475200466573,-3.973430673961338,-4.117944143203537,-4.241474361515883,-4.339627416067197,-4.40761781209669,-4.440259605591805,-4.431960347542947,-4.376718320269436,-4.268123583800621,-4.099363388017608,-3.863232543859948,-3.5521493839719196,-3.1581779792437414,-2.673057312274989,-2.0882381412697084,-1.3949283176195606,-0.5841473467292511,0.3532089962964835,1.426293167509935,2.6442186319737004,4.015960075138959,5.5502402084698845,7.255402343506887,9.139267932552857,11.20897830999474,13.470819917327994,15.93003235869449,18.590598713701752,21.455017632049085,24.524056851682786,27.79648792051963,31.268802062929005,34.93490731788258,38.78580728770349,42.80926207639917,46.989432266334966,51.306507083136104,55.73631823275024,60.24994126301053,64.81328670611914,69.3866836993608,73.92445925997963,78.37451690718676,82.67791888008725,86.76967479634204,90.58314396284986,94.05687072618655
9.767702287000247,-3.608740422650872,-3.7907946841844624,-3.960821478778294,-4.115278942408187,-4.2502591632377005,-4.361474059924356,-4.444243081103497,-4.493483123691933,-4.503701103893183,-4.46898965193927,-4.383026439423208,-4.2390776862707185,-4.030006432630973,-3.7482861988456184,-3.3860206937399955,-2.934970267269607,-2.3865858374868725,-1.732051053241872,-0.9623334823026183,-0.06824563891139812,0.959483315652895,2.130124352072859,3.4528529769325083,4.936640407541161,6.590130673035828,8.421502816725248,10.43831740562587,12.64734659692396,15.054387069129643,17.664055199488175,20.47956396036418,23.502481117455922,26.73246844351636,30.167001814481658,33.80107223228599,37.62686802193699,41.63343868139486,45.80634112317303,50.12726933804657,54.57366883543197,59.118337573410436,63.72901548539788,68.36796514135197,72.99154655018606,77.54978961752985,81.98596831965772,86.23737924187125,90.23973148828452,93.93397871444492,97.27082427655658
9.952773505000096,-3.643938970438461,-3.812538832988365,-3.966886506946749,-4.1032710518244215,-4.217615028535356,-4.305462059088702,-4.361966444763181,-4.381885255901304,-4.359573342397207,-4.288981750599872,-4.1636600694411054,-3.976763265807544,-3.721063606142739,-3.388968297571539,-2.972543517011914,-2.4635455302477753,-1.8534596341871936,-1.1335476838657135,-0.29490499044846885,0.6714726032585352,1.7746106483270063,3.0234661860924117,4.426825183811712,5.993186484927131,7.730631465736012,9.646678617515972,11.748122312509668,14.040855065028396,16.529672666750713,19.218061659596497,22.10796871193015,25.199551585919945,28.49091152732384,31.977807075483263,35.65334948259847,39.50768014914297,43.52763072824373,47.69636682766213,51.9930165452496,56.392285413926906,60.86405970673515,65.37300046257123,69.87813103990942,74.3324214899626,78.68237356292825,82.86880872284952,86.83126587871187,90.51483925644544,93.87464075112244,96.87656631177018
10.140432987000167,-3.941783197554626,-4.107993790918472,-4.256549788145115,-4.383294094654779,-4.483676472886659,-4.552742016559085,-4.585122084757588,-4.575028155090664,-4.516249093329387,-4.402152375669461,-4.225689838704843,-3.9794085710126974,-3.655467598499286,-3.245661052867474,-2.7414485482006157,-2.1339935241127495,-1.4142103445222358,-0.5728209681260795,0.3995779707267899,1.5124368147304375,2.7751624027689132,4.1970145846109235,5.78698886487831,7.55368432426774,9.5051559911648,11.648750874218134,13.990926917576548,16.53705420684469,19.29119783696129,22.255881954787796,25.43183461090779,28.81771319871668,32.40981042609678,36.20174095761543,40.18410908504652,44.344158032878795,48.66540178508229,53.12724063144575,57.70456197787597,62.36732834665674,67.08015491114757,71.8018793659267,76.48512742889774,81.07587780707132,85.51422903436452,89.7387749384527,93.69341922931741,97.33181363737121,100.61813398961988,103.52665814441588
10.324950595000246,-4.148300523634364,-4.303088530218819,-4.4365114761592315,-4.544016651188113,-4.620641727869017,-4.661005036463331,-4.6592987186830195,-4.609285258984268,-4.5042979313653335,-4.337245739236492,-4.100623465466455,-3.786527488760158,-3.3866780606122573,-2.892448773673486,-2.294903986863085,-1.58484500429245,-0.7528658332946138,0.2105806292306629,1.3151051142337664,2.570292321227928,3.9855981965035063,5.570233266064889,7.333031153079149,9.282301433037246,11.425666015454592,13.769878290226917,16.32062434123256,19.082305611026854,22.057802500164644,25.248218504526363,28.652604635771407,32.26766403549526,36.08743688464208,40.10296592804761,44.30194318147254,48.6683386669178,53.18201233312001,57.81831066355701,62.54764985559203,67.33508787294936,72.13988813077013,76.9150780690519,81.60700640708262,86.15610145037017,90.5012371732337,94.58653753959865,98.3658034644103,101.80327678424851,104.87319356955089,107.55945543550337
10.510102561000167,-4.37288916404844,-4.513516639520066,-4.628503359237193,-4.712851023176331,-4.761134154455086,-4.76749254000821,-4.725627030936476,-4.628799245373522,-4.469835757180215,-4.241137394240932,-3.9346943101843865,-3.5421075325079743,-3.0546177278128614,-2.46314196055564,-1.7583192547213826,-0.9305657973806282,0.029859351607252282,1.1327771593338118,2.3879992305914204,3.805225224358866,5.393926172226061,7.163212805980084,9.121688023439525,11.277282655721988,13.637073746927715,16.207084620264713,18.992066084544096,21.995258233421094,25.2181324084895,28.660113038146697,32.31827922886305,36.18704617596919,40.25782667918415,44.51867329570394,48.95390194258627,53.54369807218127,58.26370689117484,63.08460947702728,67.97168706666582,72.8843762525114,77.77581832136143,82.59240651313063,87.27453356087192,91.7609462316194,95.99553733442367,99.93175961034385,103.5333758949886,106.77399791889368,109.63672508548278,112.11379887517249
10.697681629000272,-4.741971457083635,-4.872841471973407,-4.972914066896508,-5.036578040355035,-5.057763388985002,-5.029935693365649,-4.9460944588151765,-4.79877601633134,-4.580061631782402,-4.2815915141023115,-3.894585455109511,-3.4098708741032455,-2.8179190789786333,-2.108890591554726,-1.2726904173657156,-0.29903416848354425,0.8224740289017309,2.1022508934254143,3.550629655563153,5.1777410729688,6.993378842795835,9.006848479134234,11.226798755671773,13.661034859701271,16.316312465255653,19.198112012151537,22.3103925758225,25.655324831853733,29.23300276097472,33.0411339068552,37.074708192342804,41.3256455217555,45.782422649473574,50.429680080316864,55.24781008695023,60.21252728566801,65.29442360609818,70.45850992423675,75.66374710319653,80.86256970334566,86.00040618407688,91.01639802532426,95.8477245790231,100.43636423412286,104.7334764564869,108.70011927301933,112.30675477917521,115.53285426160483,118.36654202749021,120.80427407055949
10.886601161000272,-5.177212274360056,-5.297882424175185,-5.381854951161083,-5.422807430621107,-5.413921074524219,-5.347877255047529,-5.216858666294562,-5.012555801834094,-4.726179471635474,-4.348480127274046,-3.8697748083833763,-3.279982565606905,-2.5686692550427725,-1.7251026355951034,-0.7383187328735172,0.40279953963544024,1.7094304905104716,3.1927074662731147,4.863597343015256,6.732762668464028,8.81040644534356,11.10609857587728,13.628583030677028,16.385564864782268,19.383476281026276,22.627221038079018,26.119896619384036,29.862493721768985,33.853572790819065,38.0889175262519,42.56116550663798,47.259416340994335,52.168818047147774,57.270132685384944,62.539282642781124,67.94687937063118,73.45773682636818,79.03037236385154,84.61649835333056,90.16050839587838,95.60016062886115,100.87086503012326,105.9124054343334,110.6732809884799,115.11138182094922,119.19345175162219,122.89464993006585,126.19815083970086,129.09481971138348,131.5831269679551
11.070888567000111,-5.5534039255518834,-5.655617426244762,-5.714699599508693,-5.723628132016215,-5.674853856259328,-5.5603002732982745,-5.371368443155992,-5.098947990508693,-4.733435021417456,-4.264757793884236,-3.6824110303560516,-2.9754998032233875,-2.132793964060581,-1.142794122949087,0.006189785269097747,1.3259462866118112,2.828255427230401,4.524766019680624,6.426855991052072,8.545474760751901,10.89096660165444,13.472873978888153,16.2997199174945,19.37876852541091,22.71576289364077,26.314639713095346,30.177220089515522,34.30287620625422,38.688173681720116,43.326489696176615,48.20760722359738,53.31728600063277,58.63681119863903,64.14252113830253,69.8053158017028,75.59014835562128,81.45550240427454,87.35285824098167,93.22615196786086,99.01243000286392,104.64610592552778,110.06565044220176,115.21789929148939,120.05869398748574,124.552308383893,128.6709731374648,132.39443773909775,135.70960742894292,138.61044208580938,141.09806043364162
11.254641611999887,-5.640863747806616,-5.703041098426633,-5.7156452534386695,-5.6711754403555314,-5.56160426535093,-5.378382202790849,-5.112448137269567,-4.754246749340961,-4.293753583191663,-3.7205086799097895,-3.023659703048054,-2.192015523067762,-1.2141112630997926,-0.07828583929994615,1.2272269461536758,2.714192683832481,4.394254922953428,6.278796940538065,8.378785642051952,10.704596546670109,13.265818849745596,16.071039610742577,19.12760618867462,22.44136614089305,26.016383916908804,29.85463381888593,33.95566886665803,38.316265399780335,42.93004347446222,47.7870633714637,52.87339882441488,58.17068790872699,63.65566290144915,69.2996608341364,75.06811691596153,80.92004350469097,86.80749785031851,92.67504243142014,98.46040035005728,104.09871267856398,109.5292284762937,114.6996122296963,119.56658354125372,124.0953419736638,128.25908904649256,132.0385869680077,135.4217913288177,138.40374475400725,140.9866053101764,143.1794165787683
11.439852243000132,-5.831752406752332,-5.854446526806521,-5.820135383283896,-5.7206970267574535,-5.54747358362664,-5.2912808648795435,-4.942424831658897,-4.490725767317533,-3.9255510525038115,-3.235857484392561,-2.4102441226735936,-1.4370166824421304,-0.30426452672705184,1.0000486620270062,2.4879794328070206,4.171483229537996,6.062276056440179,8.171678044578071,10.510437841952118,13.08853678702933,15.914971879463938,18.997516633793104,22.342458994065588,25.954315601717063,29.835521847663152,33.986097304723486,38.40328633035206,43.08117385450134,48.010276625579195,53.17711048115408,58.56373454158472,64.1472735962997,69.89942036615034,75.78591978310678,81.76603793240454,87.79201885371927,93.80853299844493,99.75331979215619,105.56143118618608,111.17190691552231,116.53206622532831,121.59813091172833,126.33463261598614,130.71391641620625,134.7156803619718,138.3265882587381,141.54014279813416,144.3566929511484,146.78316531681372,148.83244995716083
11.62389757300025,-6.0227114209610235,-6.000384844780687,-5.912853984897201,-5.751326701113225,-5.506466754035672,-5.168409194627275,-4.72678349477019,-4.170745331256518,-3.489017982036149,-2.669944336980312,-1.7015505649675342,-0.5716225137826136,0.7322040519421815,2.22233824790168,3.9111127623614115,5.810645300013288,7.932681641862128,10.288419206320231,12.888310032029818,15.741842154663832,18.85729841997747,22.24149186569332,25.899476917487426,29.834235781566363,34.04633958031969,38.53358397058736,43.290599208527354,48.30843488325765,53.57411983573281,59.0701981120312,64.7742421736561,70.65834500379522,76.68859320982465,82.82452373061827,89.01856731416771,95.21548253812433,101.35298280572324,107.36596319358088,113.19315787175248,118.78141287370781,124.08628909103737,129.07144847676554,133.70813556357544,137.974694023914,141.85615568176928,145.34408919878774,148.43658250395876,151.13794883972741,153.4580871658463,155.41187273518614
11.807837780000227,-6.141042540997057,-6.063849022374968,-5.912638805691087,-5.67796623255041,-5.349842003556214,-4.917755371288953,-4.370705010971017,-3.697239540674214,-2.8855087079071513,-1.9233263006007044,-0.7982458769020357,0.502349561296334,1.9911428027144265,3.6807614054570967,5.583639251388609,7.711859513218444,10.076977890202105,12.68982500174964,15.56028687804313,18.697062554920315,22.10739786880966,25.79679465851884,29.76869471638225,34.024137993934865,38.56139475923046,43.37557162653641,48.45819163681755,53.796748861574414,59.37423833561662,65.16866249857361,71.15251574263944,77.29224912737193,83.54771783332544,89.87161448670291,96.20889209863981,102.49737902784317,108.67199282563044,114.67138367371106,120.44219219093613,125.93963649229767,131.1268815038136,135.97450267212565,140.45998384262748,144.56728677873696,148.2866796255019,151.61469848678956,154.55383211031335,157.11186056649373,159.30121811787956,161.13859372371377
11.99278279400005,-6.177464408637032,-6.0349140176706415,-5.808927775487307,-5.489430737587412,-5.065814387260323,-4.5269667119053345,-3.8613119440231296,-3.0568609940005746,-2.101273644259956,-0.9819336120725008,0.31396237974565544,1.799300360122051,3.4869285142549504,5.389519047727186,7.519411326871504,9.888435129214612,12.507712869568621,15.387439715499507,18.536640572427096,21.96290300554429,25.67208527522267,29.66799879682025,33.952064497123544,38.52294273040066,43.37613663962355,48.50356910527371,53.89313371772342,59.528220541916774,65.3872178173504,71.44299115449074,77.6623422529712,84.00544967925171,90.42529480376615,96.86707661156743,103.26881776883204,109.56556878190379,115.69604094167546,121.60685281770785,127.25310518023322,132.59773735628247,137.61097717022963,142.26982426409847,146.55760430310897,150.4637814151986,153.9839030934128,157.1192676306414,159.87624506504133,162.265621943928,164.30217190723224,166.0043353626542
12.176864373000171,-6.170720377409306,-5.954419453178691,-5.644547271740418,-5.230387061216168,-4.7007041979912785,-4.043785077752624,-3.247486706001463,-2.299298090414945,-1.1864145566446833,0.10417385738125473,1.5855787470437086,3.2708932265929933,5.173054146123452,7.3046854339301515,9.677921373559718,12.304208654772566,15.194086083957288,18.356940904242837,21.800740760706393,25.531740453836147,29.554162757029097,33.86985273371275,38.47790517907045,43.374265032768406,48.55130086500629,53.99735183113387,59.696248822473436,65.62681091530266,71.76231863855762,78.0699660459789,84.51029409226956,91.03660837730187,97.59438493920482,104.12186644908846,110.55425561888691,116.83033649524441,122.896708390289,128.70834732128557,134.22794796781486,139.42535830899095,144.27704675942456,148.76563934533254,152.87971431950803,156.61372850965756,159.9676655524713,162.94633709365092,165.55870738432773,167.81744342020724,169.73857406526164,171.34118755344326
12.360783955999977,-6.078008636650565,-5.777044518301476,-5.371750360798256,-4.850793854684878,-4.2023506261546375,-3.4141530246384084,-2.4735507360773843,-1.367584355047824,-0.08307308373966205,1.3932822462416334,3.074779613489272,4.97457848186945,7.105543486032447,9.480067916042758,12.109875818046739,15.005801572532398,18.177545874750177,21.633407125338387,25.379987345313758,29.421871860618353,33.76128215971183,38.39770151568437,43.32747318451581,48.54337124593286,54.03414444534547,59.78403372709632,65.77226452321807,71.97251528048,78.35236417403829,84.87271647066005,91.487215570267,98.1416413732061,104.7744982950672,111.32119971277069,117.72067949102723,123.91961532095901,129.87297872949162,135.54336476143445,140.90041349774646,145.9202632385278,150.58507291203534,154.88280113968833,158.80711629554312,162.3570277707351,165.53616959690785,168.3521069500901,170.8158677912409,172.9415832156935,174.746166057614,176.249061180506
12.544758911999907,-5.871084284067083,-5.472906618596598,-4.959081448761939,-4.317713059198965,-3.5364524330587526,-2.602557213923545,-1.5029646398350651,-0.22437862598962166,1.2466277983313407,2.9234934721320105,4.819532266558808,6.947777192153325,9.320804223866345,11.950534645144193,14.848014755714324,18.023171849368975,21.48454545016715,25.238992900239715,29.291368522076155,33.64417573516366,38.29719169357929,43.247064230099916,48.486881146126414,54.005712177771834,59.78812429938381,65.81367139907553,72.05635977897805,78.48409139825331,85.05808729163975,91.73229416247673,98.45277776858148,105.15830539494333,111.78452417074475,118.27056585575372,124.5632628065435,130.6176899631653,136.39648584424157,141.8692647048026,147.01205968181506,151.80683449155654,156.24125111903606,160.30856785654308,164.00725792984764,167.3402799046302,170.314370444862,172.93956174254043,175.22880726838744,177.19764548250998,178.8639292583445,180.24760801867188
12.729670760999852,-5.505652022525961,-4.995293480231829,-4.357533682067707,-3.580007502028788,-2.649952781358951,-1.5542829176894153,-0.279673593210787,1.1873351503288276,2.860220260705301,4.752339207492469,6.876774455893235,9.246157652438386,11.872472319268203,14.766833896452429,17.939246032868684,21.398332107642755,25.15104106825191,29.202326800393323,33.55480040099605,38.20835491175065,43.15976228874573,48.402242636775924,53.925006027179435,59.712767548231554,65.74523660968494,71.99658194047154,78.43487418322768,85.02150850340338,91.71061019632009,98.44842689447131,105.17390965254839,111.82288965092376,118.33468112569368,124.65629521877983,130.74297957191587,136.5575366360422,142.06973283456384,147.25573839037898,152.09763536689462,156.58318135070527,160.7057031222437,164.4637105442754,167.86016185469342,170.9017509321786,173.59841885441378,175.96297340269408,178.01074616065887,179.7593149742638,181.2282556414731,182.43885176612048
12.913722049000171,-5.034690030453487,-4.400386375350937,-3.6263882552242674,-2.699907817794208,-1.607828470210813,-0.33679127763850136,1.1267032926217837,2.7961770491581177,4.68503793205397,6.806424800270978,9.173031916430674,11.796911920474383,14.689256125845723,17.860151032303804,21.31831003033444,25.070779375580198,29.12261764004996,33.47654800247218,38.13258292547113,43.08762098477942,48.33501586799948,53.86411785005829,59.659788382027685,65.70188880194003,71.96474459308831,78.41658707943802,85.01897496143825,91.72619866076697,98.48467106122,105.2335069080036,111.90869759093857,118.44971190460944,124.80370746422318,130.92606758680435,136.77971659581218,142.33452567521024,147.56674907176398,152.4585281862501,156.99765097365565,161.17744099337938,164.99636633670954,168.4572996185623,171.56679960615872,174.3346168125197,176.77330672140738,178.89788030937578,180.72551965571589,182.27532253878127,183.5679876277785,184.6254385161606
13.09774696300019,-4.527654935594459,-3.7617491841711503,-2.8431682895863597,-1.7586855171878506,-0.49481853856843205,0.9620695220351463,2.625652423364464,4.509505267467695,6.6269498248309855,8.990879474431546,11.613562533233145,14.506422790313955,17.679796119752336,21.14266212570618,24.90234987501752,28.964216899463203,33.3313008038484,38.003942999970505,42.97938430259478,48.251332374551076,53.80950129647686,59.63912386518934,65.72043759573428,72.02814581833985,78.53085572521546,85.19049573566377,91.96171511342864,98.791269389472,105.61859381945725,112.3799715699931,119.01512719729844,125.47143007037086,131.70442252497298,137.67712568731775,143.35943507919728,148.72754579484123,153.76344478844555,158.45465769847343,162.79412456462472,166.77979468965606,170.41387186919994,173.7020806109845,176.65315573397794,179.2784390920791,181.59151318283313,183.60789954512137,185.34478597738473,186.82069434003384,188.05510472819074,189.0681847906578
13.282647186999839,-3.860555168852245,-2.948580585945687,-1.8705992189770413,-0.6130460896640795,0.8378086820603423,2.495742794021514,4.3744467759961685,6.4873698325726465,8.847545254084052,11.467394158313,14.358506365183153,17.531397264398105,20.995239614077203,24.757569309089813,28.823964283321367,33.19769586292044,37.8793520701572,42.86643259241208,48.152915380597115,53.72879512860302,59.5795942127768,65.68584704055588,72.02255917274886,78.55864304700218,85.25633264304233,92.07057999547573,98.9484370791886,105.8296252687515,112.65069903861772,119.3516344414886,125.880026992038,132.19161371927737,138.24957230578465,144.02390940782254,149.49087793247233,154.63246080079915,159.43610861819135,163.89460560856804,168.0056540720375,171.7711086040652,175.19623072093503,178.28916631489997,181.06052972707894,183.52302425369817,185.69112705760037,187.58080259861822,189.20915644381245,190.59404535764716,191.75380415469004,192.70717448565804
13.47061162,-3.117975368289783,-2.0505282649770615,-0.8032199951103807,0.6378280112141193,2.2865597313151156,4.156850464518779,6.262353518597772,8.616326390314114,11.231435183829129,14.119536048402988,17.291432472632863,20.756607348597573,24.522928817920334,28.59632903526112,32.980455135528615,37.67629187165936,42.68175560271431,47.991259559903654,53.59525060361124,59.47971801019663,65.62567519593014,72.00861569943793,78.59794520598608,85.35639190917824,92.23939807037375,99.19449625533433,106.16187240437088,113.07852235857305,119.88483233680849,126.52876795018422,132.96638647968135,139.16112530136803,145.08317852405744,150.70890159203046,156.02028136506752,161.0046590880714,165.6545806072907,169.96736410358093,173.94431660361033,177.58996995018242,180.9115387066404,183.9184838518816,186.62211216876452,189.03523940561007,191.17188145471596,193.04688556376072,194.67551766165178,196.0731664915778,197.25529047517077,198.2375711605755
13.654820613000084,-2.062452001310505,-0.8171408233167907,0.621756725696792,2.2681839985721846,4.136017165475719,6.238912113686627,8.590130855589006,11.202346188381057,14.087423386494798,17.256177763343697,20.71810701490876,24.481097356066744,28.551102583787774,32.93179535180486,37.624190121584675,42.62623746697223,47.93238965735464,53.53313772923258,59.41452058134762,65.55760699661624,71.93795190763855,78.52502868397072,85.28163973103852,92.16330825472038,99.11765466422646,106.08495976204253,113.00232133538117,119.81023463504026,126.4567813189209,132.89814157582302,139.0978823031848,145.02633339226327,150.659991861398,155.9809913370513,160.97682428182452,165.64019131290374,169.96856786741165,173.9634194612895,177.6294362083778,180.9739890600521,184.00669160736356,186.7389973340725,189.18386038624428,191.35542408885223,193.26864921257248,194.93889806066088,196.38163505830997,197.61236975963195,198.6467945433424,199.5009303563175
13.839692796000236,-0.7754268770206059,0.6648101339632966,2.3123319973123566,4.180967185523117,6.284319813684096,8.635595975598305,11.247408363700714,14.131557958943759,17.29879163283405,20.758534580082532,24.518596599105262,28.58485136120897,32.96088796013048,37.64763421416616,42.64295140598541,47.94120039297629,53.532779306255705,59.4036333819281,65.53473783641223,71.90155511123756,78.47346827411836,85.21319287469558,92.07617011727889,99.00994483119293,105.95473039501688,112.84756723607887,119.62890539725963,126.24679575357261,132.65740459821987,138.82430447452623,144.71785330841263,150.31460158139663,155.59676504107608,160.55195034319556,165.17300796098687,169.45760260751925,173.40743240363327,177.02746744041923,180.3254101748699,183.3112614745391,185.99692216870173,188.39585813562266,190.5227931147568,192.39334119947966,194.0235950262969,195.42983028224472,196.62845237781602,197.63613748119644,198.46995225264075,199.14724816862633
14.023688544999914,0.7260805697738388,2.376497083996421,4.247795550306798,6.353518214599067,8.706803126809632,11.320188544521775,14.205394440288906,17.373079961760734,20.832575770582487,24.591590285431828,28.655888978783068,33.02894602845412,37.711567806186814,42.70148789898697,47.99293360730529,53.57616414999787,59.43698113199426,65.5562121993262,71.90916922018273,78.46508279242127,85.18651538981631,92.02875602343714,98.93919991286442,105.85791533754882,112.72180430343761,119.47118753025978,126.05399835464212,132.42630028060648,138.55158106459757,144.40013539906968,149.94847594230706,155.1788101971107,160.07877063576075,164.64127240750156,168.8640888716723,172.74907618283166,176.3014175665259,179.52908970943193,182.44243505969337,185.05376986926177,187.37705597592043,189.42760047503472,191.2216951903855,192.77621190569303,194.10831391545938,195.23540966999005,196.1753006278649,196.94630756149155,197.56713637619598,198.05648754002146
14.211589271999856,2.3597908756864276,4.230067182477495,6.3347985482894735,8.68713783533192,11.29963984477163,14.184042910854,17.35102644198192,20.809943333018253,24.56852627229709,28.632567090871532,33.00556845280383,37.68836736630575,42.67873020881684,47.97091920726452,53.55523060040928,59.41750503597066,65.53861112376255,71.89390347989274,78.45265705866946,85.1774800805464,92.02370842840025,98.93878500262666,105.86282620103232,112.73278215425121,119.48902121763939,126.07952331038781,132.4603968290182,138.59517201812756,144.45418285828552,150.01397721486205,155.25679274682062,160.1702859696712,164.7473888060865,168.98588286513183,172.88762267496188,176.4577785069321,179.7043012150747,182.63749288802808,185.2696131477006,187.6145490961638,189.6875130661483,191.50468009150774,193.08278106812648,194.4388121748088,195.5899863421557,196.5538788982744,197.34855165516126,197.99241651725464,198.5038369459648,198.90070866644987
14.39660486799994,4.024536357396451,6.1177690182501845,8.4591382407312,11.061390565991037,13.936477147473084,17.095312231249988,20.54750642015171,24.301073723384228,28.362111515268758,32.734452675828926,37.41928936471999,42.41476809099779,47.715555987082716,53.31237847863145,59.191528865541315,65.33435069561095,71.71669422405186,78.30834871158802,85.07245282367339,91.96488595561422,98.93364392510539,105.91940114799944,112.85966587703564,119.69535895304317,126.37500060794183,132.85521999584844,139.1000402854636,145.08025132580474,150.77280958384551,156.16030281135656,161.23066679782613,165.97702851111578,170.39726584156176,174.4932151569875,178.26989729838508,181.73496444267624,184.89825164431193,187.7713629185323,190.36731991196618,192.70023737763609,194.78493745190687,196.63651880656144,198.27004137193074,199.70045257137022,200.9427073763905,202.01186665725254,202.92293515435776,203.69043768331184,204.32803893851073,204.84852387741316
14.580502327999966,6.230940928384468,8.577944927926504,11.185444529215355,14.06527915267257,17.22823984717287,20.683802120211585,24.4398326117502,28.50226874789702,32.87477066081073,37.55834484114233,42.550939201514936,47.84700947658986,53.437057169815795,59.30713958164832,65.43835282147778,71.8062891182838,78.38047020562686,85.12375906734954,91.99175289348449,98.93216071333116,105.8853678475617,112.78859378553443,119.58247396397702,126.21525001296142,132.6432831717478,138.83034373329053,144.74698855407925,150.36996635106684,155.6816882643063,160.66995106113924,165.32778729964693,169.65303267962247,173.64754179691934,177.31642293446214,180.66749431423432,183.71084561346996,186.45843459203493,188.92374685260958,191.12148291746945,193.06718457590313,194.77681652064976,196.26646390206682,197.55227165953238,198.65057784384993,199.57802529396187,200.35141286461393,200.9872846707459,201.50156254672046,201.90949221541254,202.2257338593606
14.764927273000012,8.59287637741261,11.201106157004627,14.081617999777595,17.24518809594362,20.701275584512153,24.4577291714633,28.520466735624325,32.89312721029998,37.57669420878392,42.56909107421509,47.864747281446355,53.454136403297404,59.32328617840971,65.45326158552628,71.81962224194886,78.39185590466168,85.13279036350865,91.99798657906081,98.93511653538603,105.88452795292643,112.78340247108015,119.57233778011694,126.19953827183862,132.62132891503774,138.8014452179746,144.71041131788047,150.3249459224329,155.62743358482484,160.60564869101654,165.25260647930656,169.56613132251326,173.54807349018307,177.20354502511307,180.54037715885332,183.56868306901416,186.30045582410114,188.74922953525294,190.92976789534515,192.8576920549385,194.549063847535,196.02008498542887,197.28703807658673,198.36642166545244,199.2750636481558,200.02997424382485,200.64793697056078,201.1451428045343,201.53713799497947,201.83890462739447,202.06474839465778
14.949822623000273,11.171540598433996,14.050432694053221,17.212463839351507,20.667121058407986,24.422283967478588,28.48390451188314,32.85565896557409,37.53857165835413,42.53061010774423,47.8262514793951,53.41602058432107,59.28599994575654,65.41731283571306,71.78558059391868,78.3603560022341,85.1045349982234,91.97374957450269,98.91574532777976,105.87094579622652,112.77661018798183,119.57341497341457,126.20964390340005,132.6417011523977,138.8334004412353,144.7553421723122,150.38431829496875,155.70278237563235,160.6985722446018,165.36475953327826,169.69921632632781,173.70383014104553,177.38373786387285,180.74678106537473,183.80306649429818,186.5645615955825,189.04475307240412,191.25833267521173,193.22082217174727,194.9481535173127,196.45636485591388,197.76153821489,198.8799311112248,199.82808643875055,200.6226818404277,201.28011704081604,201.81614434816157,202.24581283458346,202.5835453274586,202.84302850536292,203.0370131547026
15.133871371000168,14.059775892148,17.222321740704622,20.677468522605224,24.433087067027238,28.49511957561652,32.867231580315774,37.550435632932,42.54268640444089,47.83844711901347,53.42822753223457,59.298093987605306,65.42915245280213,71.79700584987232,78.37118745406248,85.11457264666178,91.98277187028825,98.92350825243153,105.87718203788657,112.78102843495148,119.5756993501714,126.20945357609696,132.63867013311202,138.827137622538,144.7454316260458,150.37031987143618,155.68423264168388,160.6749858013337,165.335630756196,169.66402157284068,173.66203047201074,177.33478232755215,180.69011059355662,183.73811846142314,186.4907750924293,188.96157494619183,191.1652243877772,193.11726752670216,194.83366730569062,196.33050246770645,197.62390626095703,198.73019909625688,199.6659995211717,200.44807470925022,201.09292893240362,201.6164352175131,202.03378068601492,202.35954469832964,202.6075900836565,202.79085870927403,202.92126688829933
15.321556146000148,17.268839266272288,20.726680647698885,24.48488689088299,28.549357614854337,32.92371097924134,37.60890715025522,42.60284319487184,47.89991933305691,53.49057676284676,59.36080759821782,65.49163782757155,71.85858461389165,78.43108971867758,85.17193134297628,92.03661724241017,98.97276259100663,105.9206547439606,112.81741151418498,119.60356344786408,126.22724467432425,132.64470704248401,138.81961041259737,144.7224011500541,150.3297185531689,155.62386670376034,160.59253912643538,165.22867058413567,169.53000624768944,173.49831946419562,177.13864876581545,180.45875655070753,183.46869324567987,186.18039680259048,188.60735555361072,190.76429861083912,192.66682576389724,194.33099289107955,195.77301350722115,197.0092022991601,198.05611285048045,198.9306539029202,199.6499453309161,200.23091227021808,200.68992256873355,201.0427380191098,201.3045984488292,201.49011889484865,201.61309105548983,201.68636708626863,201.72175501858882
15.506587742000193,20.662269871639676,24.417181917836203,28.478566919600283,32.85010585802702,37.53282826339098,42.524707366729935,47.82022657761227,53.409917495837085,59.27986998928829,65.41121523739166,71.77958305217601,78.35453524930078,85.09897735194333,91.96855147333329,98.91101384096017,105.86679910016005,112.77317799889607,119.57083892533606,126.20807785941446,132.64131143606588,138.8343659739069,144.75785450092906,150.3885814937889,155.70901280414196,160.7069981427293,165.37562043389457,169.71276226392516,173.72032063445087,177.40344064989011,180.7699705593832,183.83002195308615,186.59556495709043,189.08008644661894,191.2982754602205,193.26564776896112,194.99812562014083,196.5117332867429,197.8225342861436,198.94676248758483,199.9009314793585,200.70168340209867,201.36537572603632,201.90771118495428,202.34368137926472,202.68764318592565,202.95320827390267,203.15303699999788,203.29871484499483,203.4006639239319,203.4681000766879
15.690507076999893,24.633276871038994,28.70675693586206,33.0898358632276,37.783341635246984,42.78502377103357,48.08911881629743,53.68588745872269,59.561123824249925,65.69563787883472,72.06471227509884,78.6375354460025,85.37661326059013,92.23716212217468,99.16648700898378,106.10454663437042,112.98811237014834,119.75735144866898,126.360019050992,132.7519740269963,138.89647115116261,144.7635419970917,150.32940420009032,155.57593663490445,160.49040793340646,165.0653327089882,169.29804576454308,173.1899255475363,176.74563753147473,179.97259999178456,182.88055601988708,185.48118165900573,187.78775821487787,189.81487295067356,191.57806013844683,193.0933984953099,194.37722563300477,195.44609536903587,196.31693008892177,197.0071524841286,197.53455780728984,197.91692503730042,198.17167205911662,198.31582523788495,198.36612236509194,198.33892908579554,198.25005986004305,198.1146813621557,197.94725055837657,197.7614223994185,197.56982740689614
15.874611489000017,28.529688911218457,32.90369852310444,37.58870622828903,42.58263412624694,47.87990933168205,53.47100179911733,59.34193424099948,65.47376504448297,71.84204550511916,78.41625315655709,85.15920348642194,92.02644289196228,98.96562634682613,105.91708192552841,112.81796879679003,119.60885916720635,126.23792874674527,132.66147044449693,138.8431841595591,144.75355471004295,150.36925762844993,155.67263030868878,160.65139588732617,165.29851418357856,169.61174993308637,173.59288953802044,177.24697697333153,180.58177127972078,183.60730945245584,186.33550457843398,188.77980724791348,190.9548944287695,192.87629776047243,194.55998728826268,196.0220712670747,197.27873789411512,198.3463911816121,199.2417653289185,199.9817787843782,200.58312645414014,201.0619152448197,201.4336134209249,201.7131328770703,201.91472457927532,202.0517783985002,202.1367054368954,202.18085531275145,202.19440359681232,202.1861736295214,202.16351332157288
16.05974225,32.89953816093134,37.58438575008427,42.578174284222385,47.87533540090946,53.466343989335634,59.337228118758155,65.46905196280454,71.83737303736739,78.41167553066171,85.15478201503439,92.02224639350118,98.9617315517155,105.91357386123724,112.8149411445502,119.60641458251897,126.23617913498578,132.66053718210034,138.8431982504129,144.75465686584104,150.37159826087273,155.6763694203807,160.656702847747,165.3055673749232,169.62073625060583,173.6040037282492,177.2604207929456,180.59775245703196,183.6260404329078,186.35720103492304,188.80468633633012,190.98317276887101,192.9081891220713,194.59569996277915,196.06180510478026,197.32268098791658,198.39471617902367,199.29462535497564,200.03930295969477,200.645414994137,201.1290341283958,201.5055886195371,201.78994413837987,201.99629876324417,202.13798236812048,202.2273385106543,202.27564129150917,202.2929823840452,202.288092470894,202.26822348503566,202.23927605065776
16.243509129999893,37.68028853023242,42.67949427463435,47.98183309983027,53.57769088471095,59.45299684184882,65.58870599734678,71.96025602432894,78.53700021877023,85.2816189183678,92.14951222956407,99.08817754660637,106.0377740227591,112.93528061944292,119.72107823039809,126.34314046905075,132.7575478452047,138.9277782146346,144.82408556420268,150.42290688127062,155.70633461400175,160.66184212717425,165.28213650062224,169.5647289283887,173.51115396444288,177.12620827813558,180.417411373159,183.3945721018869,186.06939084950923,188.45512543532138,190.56628493851193,192.4182634232685,194.0269295989702,195.40833305748458,196.5786529555599,197.55434135893975,198.3522456078744,198.98947088961796,199.4829814642252,199.84924571283872,200.10419546400132,200.26331866408287,200.34156560271168,200.35315986252198,200.3114920284218,200.2290485446406,200.11731082098453,199.98658871205902,199.84591463781805,199.70315365670928,199.5651145144103
16.427628084999924,42.595875085232656,47.89395720368486,53.4858316778222,59.35750945171512,65.49003577260588,71.85894735618884,78.43370565258206,85.17710850450894,92.04468305277318,98.98406336202328,105.93555491515406,112.83629258946328,119.62682259811352,126.25529297064931,132.67796728339752,138.85851450719701,144.7673870181555,150.38122650254428,155.68233524409996,160.65840017945268,165.302344049433,169.61189388463984,173.58879805124198,177.2380625003011,180.56740865470064,183.5868367463079,186.30822445923368,188.74498890899088,190.91177614866095,192.82409016233618,194.49787736914246,195.94922726992004,197.19431509761657,198.24953868460292,199.13163390724952,199.8575298986945,200.44394248678,200.90701104301013,201.26224922144962,201.52462868451641,201.70847606569438,201.82727438671475,201.8935470226013,201.91877667186554,201.91329451404022,201.88610377171736,201.84476405242012,201.7954919030227,201.74329746121407,201.69204087310615
16.612466728000072,0.20344566175586176,11.165859260385236,22.093241274505594,32.961881013670684,43.74602469201797,54.41687019395686,64.94156980525601,75.2822436227538,85.3950067300409,95.23021169318628,104.73631221919776,113.86617754404301,122.58104108825464,130.8507969610424,138.65309597872,145.97255198994324,152.79999695211217,159.13182094284875,164.96958318434253,170.31976710902964,175.19326842487683,179.60454615425647,183.570806073349,187.11141781160663,190.24744829610034,193.00124031938475,195.3960632368451,197.45579901609815,199.20457468656548,200.6663563571259,201.8646646349984,202.82253656360865,203.5626856036425,204.10764338115717,204.47964380764094,204.7002474909781,204.79001113052107,204.7684719250589,204.65426568003585,204.46505848987817,204.21738287207253,203.9265561355539,203.60663315671457,203.27032848494184,202.9288717551441,202.59192256042098,202.26770001001543,201.9631466612431,201.68398137056968,201.4347098678699
16.796467769000174,-0.10803620264793595,11.465667199349488,22.992430756148284,34.439068262842525,45.77026814499624,56.94753514475649,67.92814284379463,78.66410063620093,89.10233715697463,99.18850639171876,108.8732463540829,118.11607413080888,126.8856310843939,135.1587300404847,142.91951537076358,150.15867449541742,156.87273703459178,163.0636477018979,168.73848595728268,173.90892134347587,178.590334426325,182.80097269569092,186.56134260237894,189.89372032062627,192.82170991056168,195.3698757755713,197.56341252119418,199.42776314449597,200.9882006009381,202.2695324606129,203.29605365108318,204.0916986922841,204.68017703123704,205.08485196869466,205.3283609878492,205.43228207391385,205.4171159537918,205.30240284771665,205.10665351956266,204.8471854187506,204.5400416180898,204.1999446481583,203.8402200828748,203.47265379182844,203.10740895585806,202.75315801941088,202.41724922163488,202.10576220927595,201.82352728516648,201.57411351588988
16.980399145999854,-0.6731446901905802,11.508094296178802,23.627872465388336,35.64240555724004,47.50572626364976,59.168573821473,70.57729775995321,81.6739784164365,92.40017097297336,102.70310335217319,112.53951215452604,121.87583074571445,130.687181581144,138.95648388545206,146.6736153700391,153.8346643337771,160.44145831711967,166.50124236983817,172.02609586936467,177.03201779650146,181.5380497888715,185.56563809184084,189.13811692428894,192.28024184788742,195.01779993799497,197.3772597571959,199.38537194813276,201.06873537549808,202.45348840868277,203.5652502201611,204.42926338236876,205.07052124864612,205.51364048960983,205.78247647649155,205.89978598442246,205.88720703226923,205.76537434186181,205.5538500980595,205.27096070124355,204.93371711918897,204.55777084542356,204.15734022900298,203.74507100512034,203.33195704021915,202.92747638534502,202.539762202579,202.17566299282183,201.84076660581897,201.5393931845954,201.2745796769822
17.16564190400004,1.0498122830540784,13.54241354267701,25.973068916306975,38.28641997756617,50.424708647351785,62.32663966228223,73.92745741892396,85.16264465634295,95.97407395044827,106.31379676679414,116.14418467843396,125.436875272065,134.1718342384905,142.33647265525025,149.9248560821263,156.93719187014779,163.37946793353692,169.2628320734341,174.6026418783075,179.41755460932242,183.72885825132968,187.55992628387227,190.93572477684967,193.88239860652882,196.4268997745447,198.5965686144121,200.4186827715452,201.92013349447177,203.12735405016164,204.06645147710702,204.7633250868434,205.2435320056375,205.53189736431312,205.6521735223491,205.62701805321723,205.47810888169573,205.22607616021017,204.89034147913853,204.48904191902636,204.0389908502352,203.5556101404518,203.05279749161582,202.54285480817435,202.03663257411554,201.54370968211487,201.07246301556563,200.6301011300766,200.2226670446313,199.8550152622198,199.53077403632213
17.349463699999887,-0.4197080788065044,12.671738195520064,25.678435150466672,38.53226830167262,51.16275244127493,63.4970426488215,75.4635658849611,86.99810489354786,98.04751981531469,108.56982268674534,118.53305783118451,127.91430004493577,136.69870992189013,144.8786832079548,152.4532807970648,159.42781277549696,165.8131657120186,171.62480328395137,176.88180967389795,181.6061769101179,185.82221866744473,189.55603907008563,192.8350832067049,195.68773223670388,198.1428537533588,200.22932215890134,201.97566844913123,203.409984073849,204.56002993604366,205.45333378803258,206.11703616410918,206.5774823077861,206.85986433399103,206.98818321321139,206.9853488357455,206.87309761941077,206.67181814222914,206.40046220622352,206.07649314890887,205.71580598804007,205.3325830615471,204.93921102129391,204.54641413228276,204.16342331330284,203.79803523198254,203.45663583353507,203.14419336759036,202.86422610954875,202.61879640491262,202.40860016043743
17.533630985999935,0.009791909239458108,13.447521677049547,26.788242117591448,39.94975064038839,52.84857038557957,65.4035331374628,77.54181139590136,89.20258589965462,100.33706457506715,110.90730663083431,120.88516433425505,130.25128236934276,138.99419215425712,147.10968815055674,154.60035993131166,161.47486951048262,167.74690427787897,173.4341751826415,178.55766150481406,183.14098486102583,187.2098410812488,190.7915167328245,193.91445321005455,196.60776907113146,198.90075537321428,200.82250338115858,202.4017892786291,203.66716689353657,204.64705163334241,205.36955569698733,205.86207193983103,206.1509105423583,206.26125797289413,206.21727639909335,206.04202290180984,205.7572788568305,205.38346676814325,204.93960624008207,204.4432435373725,203.9103182504616,203.35509277135577,202.7902993682887,202.22732412088988,201.6762818421832,201.1460561664068,200.6443096516223,200.17746886147424,199.75073580426127,199.36815407092675,199.03265973784912
17.717419909,0.5962530327075767,14.263980722164305,27.82292338861864,41.176913221019234,54.23321131310749,66.90849812218347,79.13249505499181,90.84793412784353,102.0093302998996,112.58186980228565,122.54035506447418,131.86824423518675,140.55697287384055,148.60543205188768,156.01919277258338,162.80940739842262,168.99175801780132,174.58565332751365,179.61355686719563,184.10037539023267,188.0729342565775,191.5595028407444,194.58928068125434,197.19185913994082,199.39681794068565,201.2335811899484,202.73148384712871,203.91983178152327,204.82771541140747,205.48357422017116,205.91481621057775,206.14776169126947,206.20772944932924,206.11894455812478,205.90435807934634,205.58555583520007,205.18270783016152,204.71449266389385,204.19796034642673,203.6484591161444,203.0797809462048,202.50434490058348,201.93327236797148,201.37642825685063,200.84243290745417,200.3386495940258,199.87119890673588,199.44502826798785,199.0639665637794,198.73066504287445
17.902368925000246,-0.3662483232506904,13.612286061140951,27.459413818865485,41.06843823724857,54.343349436915034,67.20239536324898,79.5779964530287,91.41545964014072,102.67180598058664,113.31465335368475,123.32119299568814,132.67744811004326,141.37768937686837,149.42359777426591,156.823105831404,163.58928760792327,169.73949927713616,175.29465339323812,180.27855581960844,184.71733234964825,188.63890811762224,192.0724505926869,195.0477909583897,197.59498325204294,199.74412584586057,201.52539619557464,202.96908193232642,204.10536821668794,204.96387856005055,205.5732730741745,205.96117343436413,206.15423249500645,206.1780276869597,206.0568683328373,205.81369393149524,205.47001486583974,205.04582975061305,204.55948270746333,204.02758604587103,203.46516291591152,202.88582897712814,202.30186699781694,201.72426835727214,201.16274609914328,200.6257243049542,200.12035497587237,199.65259057911635,199.2272421440172,198.84792396726414,198.51697129609147
18.086704874000134,-2.143026920387187,12.118695905118026,26.226640869678054,40.069390135702804,53.55115483719334,66.591637814958,79.12469054792228,91.09707974102668,102.46730609020616,113.20451493317708,123.2876878775491,132.7049909769864,141.45287052319512,149.5348281420592,156.9602459762706,163.74346424522005,169.902994607153,175.4607985827637,180.44165829670433,184.87260280784784,188.78230094836687,192.2004355592117,195.15721854474702,197.68317134421264,199.80912173300626,201.56619999216363,202.98559430629035,204.09806251863262,204.93350411254733,205.52086160101456,205.88816914925644,206.06242743861304,206.06939478067017,205.93347140190568,205.67762821944407,205.32331418986757,204.8903053836086,204.39662112957507,203.85866166369354,203.29138619558788,202.70838518034384,202.12192064360516,201.54293908711603,200.98106162610557,200.44460243235136,199.940643528392,199.4750957101856,199.05264655301673,198.67668176741964,198.34928364872601
18.274399983999956,203.74222751721092,203.82034333418682,203.85970120182972,203.8592627430437,203.8182995745949,203.73629499484932,203.61291886361855,203.44801206121355,203.24161528267445,202.99422737885902,202.70716590484207,202.3826189040519,202.02331835438653,201.63220548538118,201.21229028956373,200.76658921322198,200.29807130138906,199.80964145745153,199.30412581854685,198.78417216674086,198.25208248123732,197.70973944268655,197.1587540036528,196.6007875445031,196.03783431511616,195.47222671019384,194.90636319326495,194.3424654006545,193.78263622454458,193.22903925588096,192.68388107454498,192.14928878640444,191.62726201942178,191.11965288450293,190.62811005494225,190.15395207087047,189.69809704572447,189.2612049169481,188.84385273848577,188.44659825968603,188.0700069710385,187.71464835129126,187.3810670512046,187.06978104955925,186.78133566830078,186.51634394700056,186.27541493767959,186.0590566782432,185.8676406043153,185.70135211727452
18.459588492999956,206.9858213379813,206.67773636395512,206.34950513416157,206.00082292944418,205.63136518853526,205.24079087352413,204.82875354733116,204.3949549189324,203.9394260842173,203.46290915326074,202.96692833477368,202.45348095636737,201.92471869035873,201.38282137554603,200.8299474926278,200.26819164435108,199.6995777797156,199.12605324391185,198.5493966551577,197.9710567947152,197.39208440134522,196.81328406301986,196.2355398019924,195.66010012813325,195.08858518017644,194.52271583893443,193.96407140965417,193.41414773535695,192.87453618139423,192.3469050348722,191.8328757715882,191.3339734525607,190.8516048027324,190.3870001697319,189.94108451044303,189.51440462124344,189.1072687906821,188.71991940666166,188.35259379542921,188.00554850391586,187.6790527897704,187.37335708307944,187.0886884833174,186.82530220577695,186.5835195047128,186.36365366122382,186.16591082124643,185.99035247093525,185.83685008272414,185.70502035358132
18.643638700999873,209.42827246726443,208.87880785786626,208.31452847656624,207.73634747635126,207.14494696816016,206.54080837858092,205.9242845530786,205.29589875511738,204.65674319084187,204.0085660837247,203.3534777446567,202.69364588576659,202.03118255728552,201.36810676303602,200.70631311134727,200.04757525312135,199.3935492067746,198.74568959396677,198.10509599898975,197.47245137272841,196.8481797060438,196.2327766024673,195.62709856012637,195.03237361831688,194.44993328891948,193.88097240600845,193.32660879145178,192.78806321226384,192.26664120832322,191.7636092773959,191.28014471313924,190.817312681563,190.3760067660823,189.95681816060474,189.55996075778108,189.18540834219368,188.8330644514897,188.5028202138641,188.19457540494966,187.90822852066557,187.64364166321238,187.40063233825416,187.1790211136688,186.97866570520296,186.79938311748157,186.64084666884708,186.5025447334351,186.38373178329218,186.28337178017827,186.2001608004045
18.82776528100021,201.28228833481108,201.2583332724107,201.21405715971522,201.1461568190175,201.05173282847272,200.9283133061923,200.7741058410159,200.58835046337248,200.37136289717677,200.12419871177582,199.84830875682187,199.54538835890105,199.21730440362626,198.8660307002288,198.49362039600143,198.10218053441844,197.69376175629745,197.27018031633727,196.8329342818819,196.38334107342507,195.92284990219716,195.45331483286418,194.97699103920166,194.49625408123245,194.01334874265217,193.53043923017222,193.04978111375587,192.57369648983683,192.10444475894667,191.6441682195457,191.1948659717869,190.75833227213727,190.33602443191765,189.92898742354936,189.53799132410268,189.16370208218456,188.80674084279363,188.46770700253094,188.14717072402823,187.8456406418826,187.56355879581318,187.30135168140663,187.05946792579962,186.83830416047405,186.638105864749,186.4589299595266,186.3005996809378,186.16265173070553,186.04435674628937,185.944784195533
19.01257446799991,207.4739923288148,206.98653052773966,206.4830448163876,205.96346464658444,205.42765233600238,204.8756942599563,204.3082919224958,203.72684197200095,203.13313564326282,202.52904790719907,201.9164187373508,201.29701057611072,200.67247238291674,200.04433904010648,199.41403123908992,198.78276889302248,198.15141531077123,197.52041407492274,196.88994587063166,196.2602589174033,195.63195883626696,195.0060206306364,194.38352272422276,193.7654097126826,193.1525557501013,192.54594906907232,191.94667923533726,191.3558196452079,190.7743845811531,190.2033144285727,189.64342529861207,189.09528824759315,188.5591653469011,188.03515881445742,187.52339376577228,187.02408988049146,186.5375972063363,186.0644018658836,185.6051074209525,185.160443937464,184.7313336316955,184.31894357793144,183.92462700308698,183.54983987464655,183.19611947216623,182.86505535915515,182.55825261432906,182.27736820099474,182.02414508745005,181.80027033999795
19.19677704600008,205.5975718286336,205.153908007827,204.69597683073027,204.22300976684488,203.7345796562116,203.23098598486317,202.71332903639822,202.18320343915576,201.64238141785648,201.0926881773355,200.5359535111034,199.9739700186088,199.40848670093033,198.84120304452426,198.27367661965093,197.7071614027261,197.14253873434936,196.58046812390785,196.02171151259117,195.46741678322115,194.91912314791725,194.37848830705465,193.8470439842718,193.32625170532032,192.81767926550316,192.32297943264837,191.84376334056856,191.38154783665865,190.9377303373092,190.5135273899318,190.10984209036368,189.72718757295718,189.36582275432085,189.02592086607598,188.70762605869302,188.41107329454766,188.1363773033736,187.88359637557264,187.65272307145082,187.4437307786447,187.25660666691573,187.09127265466392,186.9474812037028,186.82477276604473,186.72242545823335,186.63939700810687,186.57434006777387,186.52561575180428,186.49119556329254,186.46863127492819
19.380663215999903,202.650870953697,202.38787674397332,202.10786845803716,201.80878533810449,201.4894892998752,201.14982161729733,200.79027946223056,200.41168272524638,200.01503364757306,199.6014534458379,199.17212639037845,198.72828017311954,198.27116773158522,197.8019636045091,197.32159207016014,196.83064901507572,196.32954477505078,195.81882158702027,195.2994314636279,194.7727371421063,194.24023601926942,193.70331369386412,193.16329899901032,192.62164098304112,192.0798893979536,191.53957116133387,191.00214206480587,190.46896729027753,189.94126693817273,189.41999171907824,188.90575602539948,188.3989845591389,187.90009304128057,187.40955826893003,186.92795271527208,186.45594941403985,185.99430286270479,185.5438579699662,185.1056159144915,184.6807873842645,184.27073471478204,183.87688962836285,183.50073326392155,183.14376891619966,182.80748734856442,182.49340556602522,182.20310367182734,181.9381497039639,181.70002805769508,181.4901002894218
19.56567764800002,206.40681963915864,205.82272204982104,205.22420982461912,204.6123399968967,203.98883237547477,203.35577308942126,202.7153076186175,202.06952569178037,201.42042210967418,200.7698638524628,200.11959222524035,199.47122514408227,198.82617258957285,198.18548244424554,197.54977863900632,196.91941883819013,196.2948252986031,195.6767747186001,195.0664097393787,194.46497202603535,193.87356356958824,193.29320811601738,192.7250332065992,192.17025441676233,191.63005428892674,191.10553526320464,190.59770019907012,190.1073967249049,189.63519060045516,189.18129534339158,188.74571433189203,188.3284159460608,187.9293970536051,187.5487100765595,187.1864594255413,186.84277308429407,186.5178014231833,186.21177216707943,185.92503205180344,185.65797675953215,185.41095591599452,185.1842399289116,184.9779791874856,184.79215559978664,184.62660748060438,184.4810525534848,184.35499911937958,184.24766117108584,184.15794695229235,184.0844573726366
19.749405239000225,213.52522880854772,212.39581800607854,211.25807888226834,210.11777736862962,208.98042990702405,207.85104417607732,206.73405055333458,205.63330810369695,204.55211523425757,203.49325359492866,202.45903019272015,201.45123064844682,200.47100074674012,199.51881816799843,198.5946816213046,197.69847102575,196.8302645880964,195.99037548791583,195.17910816126766,194.39654089985152,193.64260675748596,192.9172933420826,192.22064318051804,191.55264725667504,190.91321113447927,190.30214736876465,189.71913055115417,189.16358028571688,188.63459945377028,188.131124085481,187.65210550356133,187.19658014299426,186.7637023774626,186.35274622763407,185.9630818169737,185.59417873041534,185.2456652712945,184.91737421355924,184.60927669497224,184.32139108154502,184.05375362179,183.80638144109335,183.57922787456536,183.3722111630987,183.18524127882526,183.01813492482046,182.87053447025363,182.74190029106563,182.63150131284337,182.53843274352894
19.933359866000046,218.26592752258315,216.72009441470183,215.17500373981255,213.63942268585646,212.12114107920203,210.62693959407684,209.16263164361047,207.73310887330862,206.34241865376723,204.99383839139816,203.68985946724868,202.43209786351207,201.22129329966404,200.0575240524449,198.9405910816736,197.87035730134733,196.84680471345155,195.8698094145291,194.93894122174595,194.0535599491799,193.21302895887436,192.41672772650372,191.66395607916215,190.95390957800407,190.28567981214155,189.65821601636577,189.07021337391024,188.52005543054582,188.00596700454815,187.52619832430562,187.0790958632647,186.6631352677625,186.27692231678313,185.91916784219427,185.58868882674454,185.284464736379,185.00567974445462,184.75165255381535,184.52174070721406,184.31530626529494,184.13167346385973,183.97007841145188,183.8296919164102,183.70964027626945,183.60891414384773,183.52628130407072,183.46027290839066,183.4091680447383,183.37102307930613,183.34377486539142
20.118377215000237,206.92452634882517,206.0989301362629,205.27129181069623,204.44451142161984,203.6212555093511,202.80393515413695,201.99468949817123,201.19540345525297,200.40772468450513,199.63299284113202,198.87209831725832,198.125432403835,197.3930561172889,196.67504134729563,195.97177016871782,195.2839550118956,194.61237965497563,193.95766771895387,193.3203506135495,192.70105546218215,192.10049463859704,191.51934945669248,190.9582273638044,190.41764627677088,189.89798234334293,189.3993463587245,188.92151613195034,188.46408105602418,188.02661948486292,187.60876426069865,187.21023166475118,186.8308196112745,186.47038089878012,186.1288236254047,185.8061677192653,185.5025881403394,185.21834636343704,184.9536969409303,184.70885593704926,184.483961762278,184.27902838965727,184.09397196659134,183.9286355828308,183.7827022397697,183.65561178854261,183.54655131947624,183.45444381840827,183.37798146524335,183.31572682272107,183.2661952201186
20.30271887300023,203.2605829819165,202.68748910534765,202.10553236060375,201.51643354501863,200.9218750771636,200.32346286985552,199.7227234369439,199.12110136062748,198.5198701663682,197.91997383810227,197.3219609116535,196.72613838580816,196.13289909356007,195.54300835442842,194.95761257290212,194.37796971174478,193.8052082811367,193.2403867483026,192.6846738495399,192.13933138873983,191.60559201411434,191.08461127278136,190.57744753171536,190.08500599708105,189.60791201186046,189.14644087763688,188.70066040692865,188.27060676314483,187.85634888758446,187.45801674395008,187.0757991601296,186.7099170427587,186.36062403533492,186.02826353662905,185.7133126039107,185.4163143205705,185.137785398789,184.87818578293584,184.6378807579044,184.41709552154484,184.2159432137227,184.03445114305018,183.87247523811914,183.72961847359434,183.60522273763996,183.4983589410184,183.40786172883017,183.3324320291057,183.27072072971782,183.22135887535578
20.490343651999865,202.74070734762935,202.19349569595687,201.63394220302015,201.0641346454637,200.48607363495609,199.90166741478964,199.3127274250197,198.72087764795185,198.12739493277647,197.53314220485967,196.93872176836678,196.34480231564376,195.75240543693067,195.16291426992305,194.57780419418268,193.99840218944237,193.42594674230403,192.8617687648436,192.30727509251722,191.76382703803267,191.2326932873715,190.71503071451673,190.21182933638588,189.72378657871388,189.25123809085207,188.79430130915478,188.3530523203907,187.9275913199589,187.5180718916343,187.12469988565576,186.74770766843326,186.38735581302151,186.04399114599593,185.71809167455953,185.41019997309758,185.12083179969534,184.8504467083028,184.59941116079233,184.36795409806336,184.15619596256488,183.96417591289017,183.79176725655202,183.6385968501531,183.5040379317705,183.38720118363747,183.28697038314368,183.20210587263932,183.13132913491842,183.0733538605796,183.0268867740006
20.675646035000227,199.99881676154138,199.68116603721086,199.33951025453257,198.97557806017264,198.59116608041467,198.1881146633222,197.76819870359313,197.33295074708465,196.88357826734185,196.4211022998661,195.94667101632294,195.46183399411134,194.96853977697776,194.46885658329848,193.96472272918137,193.4579985964035,192.95064055245646,192.444678332831,191.94208830457129,191.4447418398497,190.95438231937234,190.47256693148313,190.00053838354793,189.5391537111829,189.08902633459903,188.65070186529002,188.22472291196425,187.81165806899892,187.4121008232752,187.0266441142405,186.6558825804352,186.3004713747067,185.96117204096797,185.63878700312372,185.33406941037302,185.04769508045325,184.78022702302812,184.5320724822819,184.3035134728227,184.09473553296888,183.90574470649335,183.73628848841443,183.5858501872896,183.45364149085327,183.33863958275785,183.23969203148212,183.15560272956802,183.08516426124342,183.0271599574757,182.98036468739832
20.859582704999866,198.25591081773476,198.0229768230304,197.76738297302688,197.4898975830658,197.19144463345927,196.8729847354613,196.5353285877657,196.1790448917116,195.8045899782092,195.41261278815173,195.00422101442499,194.58097104780225,194.1445816246187,193.69667778001687,193.23883696944006,192.77275779492652,192.30023287277496,191.8230182856894,191.34277887028804,190.86106288032718,190.37924221074164,189.8983833172244,189.41917603410425,188.94207645611422,188.467484402722,187.99581072841465,187.5275096756,187.0630820180282,186.60305473997215,186.14798929275236,185.698547316658,185.25554432387528,184.81989289208317,184.3925221075259,183.97435998848172,183.5663093545544,183.16921705697033,182.78391751195412,182.41127521994724,182.05211622995566,181.7071642210729,181.3770505770028,181.06232314930114,180.76349995003542,180.48119087043113,180.21620056020743,179.96957768168562,179.74263361166524,179.53691313075782,179.35403016840863
21.04345804200011,199.07623363066347,198.70074213334513,198.31018943448507,197.90567627279572,197.48826373518534,197.0587965296882,196.6178200620251,196.16571856523254,195.703027925891,195.23070902137553,194.75014422055267,194.26285695910968,193.77026100914648,193.2737113235467,192.77467691102416,192.27471729882694,191.77535504730096,191.27802358863948,190.78404395167578,190.29456657915236,189.81044339315693,189.33215733193717,188.8599655435187,188.39407677394263,187.93471823193957,187.4821671444172,187.036752767707,186.59883461625233,186.16880896627399,185.74717253805238,185.33457386782803,184.93175393435837,184.53946279452092,184.15843897490274,183.78938210152015,183.4329187005491,183.08964213111295,182.76015135346108,182.4449785143194,182.14452104622794,181.8590476840889,181.58870312504237,181.33355760614037,181.0937245339093,180.86945934215709,180.66120483826822,180.46960616201983,180.29547795288337,180.13964843079094,180.00274398405998
21.22840160199985,200.38713974925784,199.84473940855784,199.29596988732138,198.74212543073656,198.18415480285523,197.6225909918142,197.05770123934582,196.48981103870713,195.9195879257673,195.34804773467516,194.77628325600432,194.20522195052666,193.63568463861733,193.0685656658556,192.50481615092733,191.9453228329292,191.39086184644674,190.84208104486456,190.2994471389486,189.76312286847943,189.23290149322483,188.70835485226567,188.18901559312786,187.6744489157743,187.16428910821227,186.65824669973395,186.15609205276925,185.6576675079325,185.16295704019586,184.67214398820863,184.1855584689858,183.70360127511847,183.22673103915534,182.75544517928097,182.29025458470412,181.83173302011568,181.3805659628193,180.93748885566364,180.50323046408653,180.0785307211476,179.6641577554383,179.2609703321347,178.8700487829579,178.4928075277664,178.1310543578534,177.78701949701698,177.4633369093175,177.16290241106984,176.88863149952192,176.64320924042258
21.416104003999862,199.40338271468897,198.8687601324302,198.32867775958763,197.78417520453712,197.2359145982512,196.68432937069838,196.12994700921251,195.57367160824043,195.01678886324268,194.46069342479788,193.90664524113356,193.35582678119712,192.80952160811242,192.26909587571177,191.73587522928437,191.21109640057088,190.69588707692148,190.19121026911958,189.6977383513467,189.2157840137646,188.74544432970058,188.28677849097522,187.83987450799782,187.40488010286137,186.98200357330387,186.5714904012631,186.17362767483644,185.78880523794092,185.41756408890294,185.06053360305015,184.71834434381088,184.39160321977246,184.08086148110385,183.78657550062465,183.50914131453965,183.24892764217765,183.00619738505384,182.78103332367303,182.57333744052494,182.38282862483584,182.20908506782936,182.0516545223495,181.91014564910532,181.78426576250823,181.67382816037704,181.57871170193476,181.49869741645568,181.4332053111298,181.3810876716575,181.3406467547935
21.60044195399996,192.87515830627794,192.87792238005764,192.8553056682385,192.80595617763476,192.72875068686076,192.62307137803174,192.48904451238258,192.32750391066483,192.1396792283212,191.92691569731267,191.6906972436854,191.43279344440435,191.1552118696927,190.86004824836365,190.54941368801738,190.22539245983975,189.8899664925615,189.54487166139418,189.19151301889036,188.8310950719621,188.46478755808437,188.093781915314,187.71931357199512,187.34265573223905,186.96509033051302,186.58790812580162,186.21246675386234,185.84023716600814,185.47273993996447,185.11145814123498,184.7578134099005,184.41313568727273,184.07862645216107,183.7553963695521,183.44450200190008,183.14687151700332,182.8632350469946,182.59412906507833,182.3398994754003,182.10074966580038,181.87685663897804,181.66846838616593,181.47594775773504,181.29978595552186,181.14056825031395,180.99881664379475,180.87473257782193,180.7679959156647,180.6777764469038,180.60292900787474
21.785508886000116,191.42604275803976,191.4200087507306,191.39849617979064,191.3586434036963,191.29822407343423,191.21588242376495,191.11109263120198,190.98384236613052,190.834347337062,190.66306885135842,190.4708549608036,190.2588868332239,190.0285228732529,189.7812199009173,189.51848496633582,189.24179400595295,188.952442479844,188.651455184155,188.339711383945,188.01810575490612,187.68760035893368,187.34924280509557,187.0041562935198,186.65350723310056,186.29850241753041,185.94044458901334,185.58077682598173,185.22101724554267,184.86267070174344,184.50720415486236,184.156016124162,183.81040008967955,183.47158273949552,183.14076170413264,182.81903270126827,182.50732173215965,182.20639168081456,181.9168479930528,181.6391896641237,181.37392862624026,181.1216906726014,180.88326314114752,180.65961244767848,180.45185403227674,180.26109939413627,180.08820326837528,179.93356711466512,179.7971551086754,179.67868208629656,179.57772457506442
21.969522553999923,194.97084545672288,194.69225406135917,194.4021719382652,194.0995690316253,193.78400366875462,193.4556043017475,193.11477462561888,192.76192880935145,192.39752882470137,192.02224442184692,191.6369173921494,191.24242265680286,190.83960552069036,190.4292487137648,190.0120054812962,189.58826392892536,189.1580698921338,188.7212645588122,188.27765742347646,187.82708989367154,187.36946480006128,186.90474761096937,186.4329451477593,185.95411389225325,185.4684268224046,184.97622931854494,184.4779857350111,183.97420341933957,183.46542095124133,182.95219110556602,182.43505849017254,181.914612832803,181.39154262726066,180.8665791203204,180.34044632713676,179.81388645910673,179.28768545916532,178.76274487417302,178.24022313807592,177.7216593641196,177.20904480843794,176.70486500897223,176.21209505104267,175.7340724928305,175.2742708309493,174.83612946858858,174.42309613350986,174.03884091332077,173.6873174818689,173.3724454636673
22.1534615569999,196.4338159874792,196.000674673146,195.55624487818636,195.10141224708576,194.63749754366754,194.16597461006046,193.68821809680225,193.2055528492587,192.71942540994493,192.23137919658274,191.74292582223535,191.2554918313933,190.77039441493326,190.28878231106805,189.81150704837552,189.33905175431434,188.8716737147215,188.40958122211936,187.95299999466172,187.50220438015845,187.05751911027843,186.61929736689206,186.18792721851506,185.76389533108323,185.3478384648177,184.9404843231446,184.54256850913876,184.15481433764614,183.7779059865479,183.41245492143068,183.05904055611197,182.7182498537142,182.39060585132188,182.0765008061044,181.77620336692263,181.48986449796263,181.21756842881615,180.95945176445474,180.71580393008907,180.4871142089349,180.2740884936936,180.0776183433243,179.89862704437468,179.73781575122422,179.5954658925485,179.47145404927687,179.36543876517013,179.2768951958051,179.20485293982304,179.1477190846356
22.33839157500006,203.67833061062782,202.7158803661287,201.74787695962027,200.77951337973835,199.8155198326825,198.85995803308396,197.91631606837038,196.98772404528899,196.07697187606345,195.18642151265684,194.31799278569548,193.4731763304244,192.65300975941224,191.85798222039915,191.08799457144323,190.3425313909648,189.62086541306985,188.92214974025703,188.2454731333858,187.589884242213,186.9543906472033,186.33798488776776,185.7397265048551,185.15881073803067,184.5945255743617,184.04618403731192,183.51311859640643,182.99466831218413,182.49015877884506,181.99895595097217,181.52051867748324,181.0543400376121,180.5998932806722,180.15665186840153,179.72410843093488,179.30183898385408,178.8896356001096,178.48762075823743,178.0963086561525,177.7166366261244,177.34994923952698,176.9978597785,176.662012106216,176.34389905843858,176.04489347361073,175.76645120967666,175.51016191412174,175.2775027239109,175.06963043141454,174.88739139999788
22.522361703000115,202.08942316469734,201.15336974337373,200.21580112235475,199.28147210710515,198.35452126313024,197.43856302987243,196.53690071203434,195.6525416942271,194.78810717149665,193.94581553226166,193.12749285214161,192.33454663085894,191.56786787966053,190.82778875727712,190.11425193492522,189.42701224091687,188.76572589469293,188.13000258565256,187.51942621364768,186.93355011377125,186.3719188912073,185.83414584372397,185.31997656103914,184.82924034733438,184.36177630441964,183.91742090647168,183.49598763246453,183.0972386723779,182.72092975001303,182.36685284555983,182.03476687707774,181.72433211228778,181.43511778539215,181.16660771322577,180.91825024993878,180.68957577548005,180.4802949518301,180.29034306124228,180.1198936010173,179.9693237778357,179.83905665037784,179.72930304239685,179.6398594600686,179.5701182645033,179.5192496056664,179.48623106856064,179.46958042098137,179.4671272417796,179.47606665020382,179.49318537333275
22.706563824000114,196.25781954959197,195.75429749843423,195.23967346005688,194.71604723143318,194.18536950895898,193.64961760929356,193.1107750687564,192.57070753826693,192.0311142067349,191.49350828282238,190.95916271672823,190.42898629970907,189.90345735301656,189.3827711862194,188.86702186295418,188.3562735614471,187.85059675459414,187.35007498942792,186.85478804657814,186.36482355978535,185.880346024774,185.40165373681953,184.92912525255372,184.46314216256008,184.00407495497504,183.55226248605894,183.10798502438047,182.6715118627332,182.24314823282486,181.82317153415158,181.4117726006715,181.00907143166543,180.6151321315836,180.2300233466449,179.8539473392402,179.48735087611198,179.13098318176972,178.7859240628722,178.45356477055847,178.13546626482275,177.83311790845138,177.54775271820134,177.28037530491017,177.03196187494314,176.80350809369935,176.595780032407,176.40910378942664,176.24343679760952,176.09856452316336,175.97420841534708
22.89051666100022,193.18645203396864,192.74940930948065,192.3169113471971,191.88827460630205,191.4630638189104,191.04106225225902,190.62213746950604,190.2061820262581,189.79308281826408,189.38265542973548,188.97450877112718,188.5679673535426,188.16220750062536,187.75642814334586,187.3499115798894,186.94204950881277,186.53234018816863,186.12036256450406,185.7057795064084,185.2883991186814,184.86822471614565,184.44539508597097,184.02010185266528,183.59257074839982,183.16303732243668,182.7317170698802,182.29885098357215,181.86475127026486,181.42973724516062,180.99407712780086,180.5580051617874,180.1217387959045,179.68554220372553,179.2498592684133,178.81542919039995,178.38334994681284,177.95511268104445,177.53258955686297,177.11789970274592,176.71317622906767,176.32039039374868,175.9413889880328,175.57810424600152,175.23261200010202,174.90689321491604,174.6026343898753,174.32130972947363,174.06438865995278,173.83342547359987,173.62989784917306
23.075456762000158,189.84231695273235,189.7238957301636,189.59207658590483,189.44600597138881,189.28526231759102,189.1096959571727,188.91934562954745,188.7143852870264,188.49503753900746,188.2614189974314,188.01344483386993,187.7509488029162,187.47383932334165,187.18214693902777,186.87603840275946,186.55580316684424,186.22181805318903,185.87454216468328,185.5145709404625,185.14267986068128,184.7597593570476,184.3667276720187,183.96450839993338,183.55400317673704,183.13605943403974,182.71151415975774,182.28123834803915,181.84607209743132,181.40676602856826,180.96399839565288,180.51839258463335,180.07058123402817,179.62134006749127,179.17170456164453,178.7230346472668,178.2770504947448,177.83582189386203,177.40163583232862,176.97676523730823,176.56329493992578,176.16316092139266,175.77836213375474,175.4110206091933,175.06314498383696,174.7364329224205,174.4323553396841,174.15236599636225,173.8979932511072,173.67068071821788,173.47151559573751
23.259368683000048,200.4547291041933,199.57982275803354,198.69666300996116,197.81074148114487,196.92696454005986,196.04963672431023,195.1824729289607,194.32857530030688,193.49033976748098,192.66941925278178,191.86689960162238,191.08350866005506,190.31971370348765,189.5757823814843,188.85181292000595,188.14773934235475,187.46336378650068,186.79844486063618,186.15277260183348,185.52613167009994,184.9182396106723,184.32874701904302,183.7572301855109,183.2031762519503,182.66604194497043,182.14531069343303,181.64043821651143,181.1508023815699,180.6757268339404,180.21450321831009,179.76645835289037,179.33108956863637,178.90818145789154,178.4978693489216,178.10067267313008,177.71748084854113,177.34941639530174,176.9975983569672,176.66296219562918,176.34629232665216,176.04842669276533,175.770309198409,175.51274523815817,175.27619591502224,175.06085395631422,174.86684501982666,174.69431129040353,174.54324424013643,174.4132285952584,174.3033868946946
23.443285562000256,193.36744616415154,192.89688452029924,192.42087173133336,191.9410516303217,191.458965592339,190.97602744467545,190.49346386809663,190.01218543631734,189.53271550988904,189.05533316452482,188.58025068794623,188.10768092503477,187.63786968531363,187.17109897899684,186.7076668461401,186.24789584073025,185.79219907895362,185.34113436936153,184.89534799758567,184.4554949282475,184.0222221796057,183.5961458617066,183.17782181918716,182.76779084728688,182.3666231907023,181.97485231166732,181.5929136264474,181.22115761304156,180.85986201236423,180.50928938945853,180.1698131761427,179.8420253532457,179.52679100818966,179.22527286036126,178.938908310691,178.6692636720347,178.41778860378926,178.18562687812275,177.9736396133936,177.78260035564648,177.61323782242098,177.46598154910774,177.340746054034,177.23699656524283,177.15394005278682,177.09059853446817,177.04563161379886,177.0170703974547,177.00228702565462,176.99824629876437
23.628412285000195,190.15566252137216,189.97095675191835,189.76948680686334,189.55179833689297,189.3185111759442,189.07023529623874,188.8074187588436,188.53025493413315,188.2388052160087,187.93315779545296,187.61347779422528,187.28002398501266,186.933137869418,186.57321087777572,186.20068174770708,185.8160929825222,185.42013689687232,185.01359281069816,184.59724214196862,184.1718481416718,183.73813075028153,183.2967365061879,182.84828446506674,182.3934128313918,181.93271628112635,181.46668966832547,180.99574751254386,180.52024398352256,180.04053964341531,179.55713806045347,179.07080544264267,178.5826385146441,178.09410371353286,177.60703023772402,177.12348157679537,176.6455285085581,176.1750796438582,175.7139255962521,175.2639560856515,174.82722570308405,174.4057234723806,174.00118170109062,173.6151670180381,173.24929717184295,172.90534036255724,172.5850638407501,172.2899936658139,172.02140956796114,171.78055162305355,171.56866821562892
23.81246503500006,192.10566891416,191.71247524825878,191.31042612921922,190.90087443791685,190.48499997124281,190.06367368822563,189.63738043039842,189.2063563003899,188.77076123664696,188.33074206827902,187.8864612690958,187.4380971833578,186.98582149562995,186.52980601628397,186.07028770366895,185.60762245467438,185.1422292526661,184.67451145412002,184.2048419904942,183.73354299931958,183.26085985091822,182.7870105663708,182.3122353649218,181.83673635686088,181.3606231113539,180.88393353238425,180.40665479489013,179.92879063618906,179.45049815054642,178.97220726851458,178.49468817628556,178.0190897819102,177.54693179294514,177.0799750627049,176.6199932201831,176.16860169221317,175.72730022259833,175.29768822453048,174.8815287204602,174.48051603219557,174.09608274061628,173.7294888397929,173.38203668767724,173.0551685539934,172.75031352895036,172.46864571480816,172.21107767615317,171.97846589067933,171.77166349734426,171.5913102986688
23.996698698000273,190.90354594245497,190.59556751474594,190.275834517304,189.9452019747255,189.60427416380622,189.25331945292697,188.8924002458376,188.52153858813736,188.14077273684774,187.75017992521944,187.3498711056231,186.93996345106174,186.52058269332065,186.0919242240278,185.6543034947978,185.2080973094454,184.753662793471,184.2913208213722,183.82133442012392,183.34388212011416,182.8591072546613,182.36716795249697,181.8681778461473,181.36215323324143,180.84903613202687,180.32871799171315,179.80111036148554,179.2662856747539,178.72460133861387,178.17677239139093,177.62391584159198,177.06754925766168,176.50946826837216,175.95152598877777,175.39547047672383,174.8429963168879,174.2959696559729,173.75650242472287,173.22673088436437,172.7086339840487,172.20413441263346,171.71532589582583,171.24458347738025,170.7944234741019,170.36727493970983,169.96548651212464,169.59154526914992,169.2481427558163,168.9379432638721,168.66326826042786
24.181621259000167,187.5568822841485,187.4297431012036,187.28906455276322,187.13429838284682,186.96480655868618,186.77997401806746,186.57935750387043,186.36272584971073,186.13006699266705,185.88156752162055,185.61757055071675,185.33856398963943,185.04522811669833,184.73847295799305,184.4193670213418,184.08904411570205,183.74867497314813,183.3994341203748,183.0424618928517,182.6789025088756,182.3099428593614,181.93674194414268,181.56036659707016,181.18180284491655,180.80196756397248,180.42176664205888,180.04222270814614,179.66458552808743,179.29039024198238,178.92148647453288,178.56002081255144,178.20829724235824,177.86853850454122,177.54270442483164,177.23252328473214,176.9396955368427,176.6659455984227,176.41277687717303,176.1812655527863,175.9721360573426,175.78596189035375,175.62324861933126,175.48426589766532,175.36879050927294,175.27608452393568,175.20508543522237,175.15444373140878,175.12226330988443,175.10584581923627,175.10178636320117
24.36931428800017,192.4739524997714,191.99909017199354,191.51609196719184,191.0262084283737,190.53030695577658,190.02905024076736,189.5229653049954,189.01247831704032,188.49792092358655,187.9795138428155,187.457379777081,186.9316145610639,186.4023470813931,185.86968956949866,185.33366506975685,184.79419888758835,184.25110456641534,183.7040644010437,183.15268552988647,182.59655639604873,182.0351936495588,181.46799528024013,180.89426947750678,180.31326403469046,179.72424266016895,179.12663141120157,178.5201485001775,177.90488279573577,177.28134419100084,176.6504684660337,176.0135013602557,175.37178492334544,174.72660230019625,174.07923709389772,173.43120667305084,172.7843451967616,172.14059152680434,171.5018175388183,170.86993973369403,170.2471577095978,169.63607623338214,169.0395775907852,168.46060602862573,167.9021881290698,167.3676656926056,166.86077622956876,166.38543606088584,165.94552663919583,165.5449094480001,165.18736817152498
24.553368331,177.5799788178432,178.15472886636738,178.70242257655136,179.21742442883345,179.6950366017533,180.1314746505151,180.52381188083638,180.86989855854037,181.168262017088,181.41803995375503,181.6189759911415,181.77140813471232,181.87615176405623,181.93436394367632,181.9474757957853,181.91712338173826,181.8450769627819,181.73324951614578,181.5837091053553,181.39858496557324,181.17998286574363,180.92997900364665,180.650617002353,180.34395411553294,180.01217960002842,179.65771824801317,179.28328414654595,178.89190758728,178.48691751142118,178.0718039733435,177.64998347075823,177.22462309017558,176.79867942048602,176.37511142746598,175.9569429085822,175.54702956504735,175.1478660937961,174.76167611662157,174.39062845025242,174.03693642870684,173.70270696122967,173.38970117634483,173.0993305649995,172.83286531011464,172.59149005307663,172.3760622908128,172.18687425214796,172.02364389546833,171.88551507809092,171.77098011175264
24.74227249400019,189.80930428590008,189.42400257287395,189.02883532836222,188.62443807365278,188.21144987469876,187.7905391844756,187.36240154226036,186.92773485548759,186.48724428793642,186.04170562662873,185.59201760985113,185.13914475545403,184.6840374205465,184.22761581866948,183.77074845782903,183.3142249151776,182.858803893428,182.4052612468601,181.954327942961,181.50663363965373,181.0627252623959,180.62308528517974,180.18819596351327,179.75867262151698,179.33537913061397,178.91949079281062,178.5125276954479,178.11634106470794,177.73297724094746,177.36444226051853,177.0125231265378,176.67882185217138,176.3649615972608,176.0726406434078,175.80338936855858,175.55836574696525,175.33843231502547,175.1443582311595,174.9769032677544,174.836650548799,174.72375001909518,174.63789669991897,174.5785205684682,174.54482347142942,174.535518437581,174.54857242261843,174.58117832768994,174.62973655823725,174.68981165925246,174.75642318394836
24.926420701000097,190.74625880585884,190.2712659284246,189.78653005053758,189.2934355435966,188.79328854654815,188.28732205341655,187.7766785074895,187.26242187580834,186.74560803484562,186.22734391623314,185.70873692544225,185.19082134495105,184.67454843445645,184.16077068345976,183.650220128869,183.1435616839306,182.64144617143327,182.1444530356782,181.6530384245292,181.16755803964537,180.6882894747977,180.21550030786855,179.74958506746069,179.2911842313034,178.84125048973465,178.40108536166923,177.97232871080027,177.5568258051978,177.1563949243954,176.77265161490342,176.40704569496552,176.06107034512232,175.7363190436571,175.4342455198624,175.15596226057272,174.90232051742228,174.67411544705826,174.47217322324204,174.29718693190992,174.1494632287838,174.02890380407555,173.93519847696209,173.86786531087708,173.82599309032753,173.8079871629927,173.81154445365598,173.83363787583065,173.8704756303867,173.91778870759234,173.97131960655832
25.110568865999994,185.65141972706755,185.50120495964373,185.33780667541754,185.16017036049428,184.9675349765786,184.75938578327128,184.5354374750946,184.29567661892355,184.04039396692139,183.77010825813994,183.48546829708437,183.18722007743514,182.87616944301547,182.55314021865428,182.21900876251138,181.87473962517728,181.52131227126733,181.15965452651216,180.7906521120839,180.41515894299891,180.03405440767347,179.64837069669412,179.25940328178206,178.86876971957878,178.4784398073559,178.09071957713005,177.7081137097201,177.33308931136574,176.9678970929631,176.61460599279488,176.27531052061389,175.95218652490567,175.64725050064095,175.36215791906508,175.09828347488116,174.8569268327653,174.63940066364913,174.44686773507945,174.28008899014327,174.13940661594242,174.024938882154,173.93662209985314,173.87395500154577,173.83574650735196,173.82009264584033,173.82436281791607,173.84516085602644,173.87861415830255,173.92086387491392,173.96831663662147
25.295383806000245,191.48515162697078,190.89587969746708,190.29689448471257,189.69067404590038,189.07946672041692,188.46531243655866,187.85012236414278,187.2357472710723,186.62393601713143,186.01627082724755,185.41416599696836,184.81886043434577,184.23140390760932,183.65271790879228,183.0836557964829,182.52495216810712,181.97717713399268,181.44076487666385,180.9160412044514,180.40329635750717,179.90292618246778,179.41555483066142,178.94210421284322,178.48383329923337,178.04232981533107,177.61937898050738,177.2167322982177,176.8359325042788,176.4783507801775,176.1453955747084,175.83856880030874,175.55922458491045,175.30836612328852,175.08672358466447,174.8949567190129,174.73373901233347,174.60359021463412,174.50461923451203,174.4365014611003,174.39866735456025,174.39033771732952,174.4102610110748,174.4564537508714,174.52616981492625,174.61587893197543,174.72121987696246,174.83728173828877,174.9590863236411,175.08185544067314,175.20112137560633
25.479636635000134,187.18193533368202,186.8480218831104,186.505309783386,186.15375817238885,185.79341291727752,185.42446231552796,185.04728202876888,184.66237084331047,184.2702640372491,183.87151112366612,183.4666484720299,183.0561667581835,182.64055421900676,182.2203404275113,181.7960305796523,181.36804599578699,180.93674024211003,180.50241559550284,180.06538611786584,179.62611045880735,179.18530753976424,178.74402034704997,178.3036509140899,177.86594903230616,177.43287932454504,177.00638967495823,176.58823710518624,176.18002718558427,175.7834263048425,175.40022254250604,175.03209030111248,174.68039421515482,174.34627526364568,174.03086269488082,173.73536857519264,173.46093174148325,173.20837310102254,172.97818628137767,172.77074040510666,172.5863303250014,172.42492959721625,172.28594712362408,172.16821318752102,172.06997501510259,171.98886724655358,171.92221051464858,171.8675110122501,171.82274457754954,171.78643708971333,171.75761659545122
25.663534640999842,188.04423718275174,187.65151244984722,187.24828064345698,186.83515958903413,186.41280824123476,185.9819764829558,185.54344581340064,185.09794767017456,184.64614612851958,184.18861546140408,183.72581250001326,183.2581247669909,182.7859191011002,182.30948077368805,181.82895881472905,181.34438697392005,180.85570506525278,180.36282699052174,179.86577859397624,179.36481853801172,178.8605074672335,178.35374858352364,177.84578221597815,177.33805906552854,176.83201516504835,176.32890469207987,175.8298467699966,175.33604562717474,174.84885990335783,174.36957630233803,173.89922314750967,173.43866680252475,172.98883459631372,172.5508210891818,172.12574447792542,171.7145150937588,171.31783999721696,170.9364404357422,170.57111747929505,170.22252107800722,169.8909234255975,169.5762222892653,169.27795435774263,168.99528389167594,168.72731975398958,168.4736335591226,168.2345623035338,168.0113070780247,167.80585097588883,167.62058612798933
25.84847716100012,187.3809131872982,187.01184687116182,186.62909844640996,186.23366410456927,185.8266502064859,185.4092114613948,184.982467026222,184.5474812337745,184.1052393977207,183.65661859692597,183.20243437350447,182.74348802440696,182.2805044473565,181.81407621873666,181.34468328825164,180.8727129977728,180.39852667857213,179.92259593777686,179.4456217825819,178.96860180835623,178.49286853240537,178.02008141689953,177.5520972211447,177.09074168532038,176.63763864536998,176.19425267894403,175.76210461793198,175.34283568499316,174.93797542413185,174.54874895597118,174.1761664977597,173.8212387694702,173.48507510972863,173.1687310921735,172.87296759507325,172.59824533460437,172.34493164180134,172.11335482182605,171.9035613728682,171.71507699272348,171.54689709021525,171.39748692285946,171.26475672911292,171.1463650326963,171.04022297464073,170.9447831703925,170.85912484692165,170.7828585489638,170.71578105471488,170.65756992533386
26.0325601200002,184.6460223432449,184.45079641901913,184.24084963279776,184.01573535267937,183.77523999417915,183.51928233913418,183.24787793466464,182.9610991320034,182.65903076560534,182.34180249213668,182.00962254318932,181.662702916672,181.30119173998574,180.92518223783964,180.53472305377383,180.12987621584935,179.71084588910185,179.27809109136012,178.83238762362708,178.37486231943677,177.90698217742377,177.43042303646297,176.9468408134022,176.4577014198478,175.9643254735922,175.46810715474595,174.97058297716197,174.47320565670938,173.97715861647308,173.48345407569076,172.9931583472526,172.50750116685688,172.02773583875543,171.5549121391879,171.08988596895688,170.63354250770354,170.18686817117958,169.75072660005924,169.32563954652946,168.91179829923644,168.5090856747858,168.11707383238823,167.73535095682593,167.36404951041453,167.00415937150274,166.65763740763816,166.3273365364494,166.01668464696922,165.72933305504603,165.4688957280727
26.220029155000248,193.16067981856904,192.2439858796291,191.32924283412254,190.42040815733282,189.52089348066443,188.63359071653315,187.76089155684855,186.90470007639766,186.06651924332579,185.24753591959148,184.44859424680678,183.67017305771896,182.9124366855679,182.1752838878258,181.4584411664065,180.76162363918502,180.0846766690094,179.4276635453496,178.79092237862875,178.17507483640298,177.58091145287435,177.00917660926675,176.4604093828673,175.9349964642224,175.43339657799663,174.95621226430424,174.50396428855407,174.076904306344,173.67510881660004,173.298698114257,172.94793715251535,172.6230851876,172.32415623694456,172.05091443487754,171.80308113494186,171.58038916198365,171.38233955114336,171.20796175695963,171.05580310029742,170.92392762050127,170.80988974266654,170.71103597473922,170.62500752311627,170.55002735305285,170.48498347390108,170.4293317596605,170.38274896295408,170.3447559118399,170.3145019225643,170.29073941984024
26.40520266900012,183.61289744315883,183.43255711609729,183.23280829320208,183.01401125211683,182.7766734305041,182.5214060010601,182.24887637114028,181.95983757684988,181.65515927163423,181.33575027672498,181.00248836542434,180.65622664967768,180.29780125055635,179.9280864728682,179.54812055370232,179.15921508643171,178.7630132942899,178.36152017915617,177.9570870296538,177.55227486681488,177.14961976569236,176.7514560876864,176.35995365798053,175.97732815808345,175.60590042581742,175.2478597686811,174.90506675852262,174.5791383866697,174.27165914223707,173.98427478136173,173.71853552503757,173.47565058890956,173.2564780098367,173.06172650793692,172.89200468619762,172.7475728135895,172.62809809402802,172.53263911881734,172.45963961115467,172.40689682548017,172.37185778146974,172.35211619910876,172.34569365210933,172.35111672436616,172.36731349886395,172.3932600709107,172.42759712428128,172.46840766856346,172.51320816088588,172.5592168518596
26.589447331999963,186.13468894178314,185.6708536890196,185.2034595313295,184.73304666716965,184.26005557033582,183.78480108004027,183.30752197235043,182.82843074473735,182.3476536278391,181.8651765564653,181.380866540011,180.8944931957913,180.40579675618437,179.91462571755318,179.42105733693225,178.9254662602521,178.42856442155488,177.93139481432337,177.43520383248512,176.94121524020755,176.45046192658373,175.96383160072918,175.48228581740548,175.00692814383603,174.5387766893609,174.07857657815924,173.6268953521894,173.184344969882,172.75168726500937,172.3296896929163,171.91889334874338,171.51961729430897,171.13217599356062,170.7569452078665,170.3941316328197,170.04354719963342,169.70461374284213,169.37637812854882,169.05750317137753,168.74658746303518,168.4426868976783,168.14562130357447,167.8560778291773,167.57553424529723,167.30593265393404,167.04932340499775,166.80767004329468,166.58286719196573,166.37695382738772,166.19215715110568
26.773405336999986,184.46474670655775,184.1498665834105,183.82037785620741,183.4770530772883,183.12062419798937,182.7518201137801,182.37140542296993,181.98011036821566,181.57856764219795,181.16732544212857,180.74686147709542,180.3176441764042,179.88026420163308,179.43554940124045,178.98462842303073,178.52896605466083,178.07035282369935,177.61077348528087,177.15217738742786,176.69630680193552,176.24473930930995,175.7991035623403,175.36114417523976,174.93249089838216,174.51446759965603,174.10818398311207,173.71475365701772,173.33539536572064,172.97128416625003,172.62331449218783,172.29209910396332,171.97818069301053,171.68209146413375,171.40411595691205,171.1440580150502,170.90123759852213,170.67449753385952,170.4621855405665,170.2624646758693,170.07382501260935,169.89538000055506,169.72695921212124,169.5690207000812,169.4223135377554,169.28751043784453,169.16500138328115,169.0549003043785,168.95724740351665,168.87207722300928,168.79924248779778
26.95838993899997,184.66073170956025,184.2722374179732,183.87197401929083,183.46100781817876,183.04036538291697,182.6110773404335,182.17411310568144,181.73032220187247,181.28045153387157,180.82516329848698,180.36509976123327,179.90101798503474,179.43390763346397,178.96505704827965,178.49609065634775,178.02896022257605,177.5658145620441,177.10877068641503,176.6597424572959,176.22048281949702,175.7927989228884,175.37861586357974,174.9797441879745,174.5976866640861,174.23372723415153,173.889145744219,173.56531524913123,173.26354865862203,172.98485665297886,172.729940854898,172.499399014475,172.29377752374464,172.1133265168298,171.95775846365038,171.82623595561256,171.7173687875095,171.62918568863458,171.5594338673713,171.50607921411105,171.46759065181246,171.44302038428648,171.43190333005347,171.43390638483774,171.44844749496428,171.47447557586716,171.51046342681366,171.55459637716282,171.60482691240293,171.6587259961198,171.71354798051132
27.14226957100027,180.8350249945774,180.7130598327228,180.57246487065044,180.41285761362568,180.2341275344125,180.03634668385223,179.81968785119255,179.5844197206389,179.33090377155114,179.0596391971191,178.77137895575004,178.4672300918752,178.1487035271301,177.81773636687666,177.4766692187855,177.12810310835266,176.77465893102212,176.41879547224875,176.06284202228474,175.70920484437391,175.36042317411153,175.01892983840168,174.68685194184948,174.36609447728327,174.0585503985172,173.76619389648334,173.49092358786328,173.23431748916792,172.99762370879242,172.78196356156852,172.58838237172057,172.41760317188192,172.2697841599875,172.1445055687248,172.0407660105437,171.956953612586,171.89114506982327,171.84160542799629,171.80707205517945,171.78683452437025,171.78063367010904,171.78831044023204,171.8094245059737,171.84303364853207,171.88768606010245,171.9416082846457,172.00275903968628,172.06867963151385,172.13656364331416,172.2035750579074
27.326358530000107,181.93488751521463,181.7091442653149,181.4664014691314,181.2069556570029,180.9311882680539,180.63949127040632,180.33226952906972,180.00994464830225,179.67300655034518,179.32213589888732,178.95831050453083,178.58286091962506,178.1974982791352,177.8042969007096,177.40555624950036,177.00356523183297,176.60042487675938,176.19808546280439,175.79855738150772,175.4039714504131,175.01634380039346,174.63738082277106,174.26856707131648,173.91137969599563,173.567386188324,173.23809218575525,172.9247012454979,172.62811055645514,172.3491193282525,172.088485155509,171.8466835945793,171.6236718409528,171.4188821846206,171.2312253247183,171.05906887118218,170.9005441695069,170.7540542617385,170.61856643708606,170.4937010813774,170.37964006665774,170.27678527096975,170.185387150243,170.1053343280045,170.0361562764764,169.97722173691176,169.9278030291125,169.88693685625108,169.85350416240243,169.82652912828934,169.8052980612272
27.51143367199984,183.78102379773804,183.40514405627107,183.0131716782969,182.60656347815996,182.18661946710066,181.75449729485055,181.3112279327028,180.8577787897058,180.39518731337532,179.924678167464,179.44772916061834,178.96610895925318,178.48186908371474,177.99721478752397,177.51427778549476,177.03494689809474,176.56091268354535,176.09388536856676,175.63566181414123,175.18789666867147,174.7519132246266,174.32879690695864,173.91961500537536,173.52551946704193,173.14759953485725,172.78664617995472,172.4431523354639,172.11752570849356,171.8101495057214,171.5211463458679,171.2501462817081,170.99628464141276,170.7582098006164,170.53406624024282,170.32180605025513,170.11970171290963,169.92664363527243,169.7422341520831,169.56670124714512,169.40056258470588,169.24425976822963,169.09795378128956,168.96153366617455,168.83482106256287,168.7176407226286,168.60968756647648,168.51061278386743,168.42032900649906,168.33911787287758,168.26745896464294
27.69892079100009,182.36462225769665,182.0334487869013,181.6858629973603,181.32302759865453,180.9460482835373,180.55598412520212,180.15390558599407,179.7410231865944,179.3187999189031,178.88901256064366,178.45378490316438,178.01557536403112,177.57704355152208,177.14081870933964,176.7093260670338,176.28482712176046,175.86963311281195,175.4661673726306,175.07673165124172,174.70331187241257,174.34766619013507,174.0115388964096,173.69675693487906,173.40507574305914,173.13793630962567,172.89645739244722,172.68163961450443,172.4944167155333,172.33540917820534,172.20468110099583,172.10172598194586,172.02546148508205,171.97419851195943,171.94593771420801,171.93886626594391,171.95163836205052,171.98345117210047,172.03393952080796,172.10281992487307,172.18950395947377,172.29287198428418,172.411259381,172.54263804434717,172.68466338787402,172.83451760079583,172.9889718638354,173.1446677821056,173.298201624857,173.44600010428078,173.58436998575812
27.88308508199998,174.21290815758846,174.4267885667239,174.6190811616323,174.78662154787563,174.92681998229523,175.03766912860513,175.11782376721706,175.16666582978985,175.18432015538008,175.17164417448282,175.13017414754086,175.0619526442126,174.96926027891487,174.85440778697108,174.71974450085852,174.56784250006623,174.4015321114986,174.2236438344513,174.03679211190754,173.8434437688088,173.64611461098596,173.44745087447836,173.2500621772432,173.0562677844466,172.8680800544286,172.6874017015614,172.51607207140805,172.35561756369188,172.2070069915184,172.07063745723747,171.9463307329302,171.8333053842383,171.73047768955493,171.63696408918597,171.5523685454368,171.4768664570296,171.4111083104238,171.35587360690337,171.31169494417827,171.27864318345237,171.2563257496025,171.2440806956469,171.24103667443134,171.2459694266961,171.25737735643426,171.27377630340746,171.2937969420845,171.3160733650324,171.33927022949493,171.362260167276
28.068185515000096,186.72471687084538,185.95191210570053,185.17664600184258,184.40198183208074,183.63060187497032,182.86497162300157,182.10748633437137,181.36056496857273,180.6267144294383,179.90854652633197,179.2086721837636,178.52949581225914,177.8730658692873,177.24113765556513,176.63540764202608,176.05759505706885,175.5092258870607,174.99145481278188,174.50516802149514,174.05121052190734,173.63049479669417,173.24385759804568,172.89182685686356,172.57462273591278,172.2923696282075,172.04515446131228,171.83278660718298,171.65456034782136,171.509245635799,171.39508729246737,171.30977803311535,171.25075851707484,171.2157172987165,171.20287419704732,171.211058859721,171.23960783245133,171.28801079761328,171.35552598280424,171.44095579015584,171.5426348124875,171.65861298541532,171.78670413671185,171.92433066188863,172.06858701920928,172.2165222798781,172.36522529323906,172.51170116140318,172.65288654537122,172.78584459139213,172.90791982923542
28.252444428000217,175.32212696049183,175.34240728483994,175.35014878337086,175.34258533788392,175.3175730967459,175.2736665113207,175.2101438687951,175.12700560385923,175.0249280938122,174.90509770238887,174.76894816714554,174.61795749375696,174.45366049491503,174.2778363242634,174.09254675756938,173.89988036845583,173.70173809150396,173.49990306199948,173.29623829201412,173.09276893580844,172.89151585696936,172.69424236595657,172.50243804964646,172.31751638055582,172.14086134954508,171.973578302798,171.8162498136655,171.6689222087277,171.53110277179283,171.40173289699547,171.27949027208584,171.1632928521267,171.05258802657585,170.94743864145494,170.84842907357802,170.75632190601377,170.6716850895236,170.594680522351,170.525066092576,170.4623938056092,170.40607412563338,170.35523712014094,170.30881295216747,170.26583179704883,170.22552657274866,170.18722699391242,170.15039227236193,170.11482303670837,170.0807862888189,170.04893766088716
28.436235646000114,183.99691586913153,183.33769065504768,182.68044588237166,182.0265102807587,181.377230442195,180.734054462311,180.09858620864415,179.47259271690686,178.8578893295989,178.2561255684413,177.66862784349664,177.0964551145643,176.54062686732416,176.00219919862334,175.48204422682144,174.9806684114994,174.49831278293087,174.03517876872735,173.59153651213828,173.16758254707386,172.7632088599213,172.37800742764088,172.01148709214857,171.6631381896094,171.33220029097333,171.01743405890835,170.71712301251486,170.42908539154178,170.1506615538218,169.87903014276282,169.61172593271883,169.34694289338643,169.0836342623652,168.82143293827087,168.560322845661,168.30028124394082,168.04108298402716,167.7823188109553,167.52361037009123,167.2646920604524,167.0052903170268,166.74522283585378,166.4847177626043,166.2245361506303,165.96588608679443,165.71047566536146,165.46074520775454,165.22001233672725,164.99235026142736,164.78215845965485
28.621460826000202,179.21165225962505,178.92398792187174,178.62115422669564,178.30401422478656,177.9738486814588,177.6323795967977,177.28174861196072,176.9243749063753,176.56271554388385,176.1990843159678,175.83568512396627,175.47481917236453,175.11894166248743,174.77042308472562,174.43135056488265,174.10361212707954,173.7891074149991,173.48984161414035,173.20776928356386,172.94454996717658,172.70153951187336,172.4799937894795,172.28112007839528,172.10583130011332,171.95450395740218,171.82696541123318,171.72249053921658,171.63977306701005,171.57722467539693,171.53347466632673,171.5076536157274,171.49947270177452,171.50912193523735,171.53691787400285,171.58292074345292,171.64671193683654,171.72738398737883,171.82372568901422,171.93427255676536,172.05715328723193,172.19015484548797,172.33100634865565,172.4774652418031,172.6271943975659,172.777777599619,172.926914137822,173.07252650723814,173.21260200824918,173.34483789683065,173.46653013370997
28.805513411999982,182.38389547270486,181.81772417070755,181.24191573740256,180.65949058740551,180.07363802622157,179.48771794763368,178.90514130419587,178.32915219502732,177.76266752619588,177.20833021176287,176.6687351308,176.1465034881916,175.6440606493389,175.16345288821634,174.70644590542153,174.27474866112516,173.87011927630994,173.49421972788286,173.14838123008374,172.83360425614794,172.5507699271679,172.30069805660636,172.0839070800255,171.90037675244068,171.74953928668427,171.63027901210594,171.54090588152323,171.4794559651838,171.44419175050487,171.43388571015097,171.44789886110587,171.48607757455426,171.54839925116494,171.63458681536545,171.74388303427753,171.87503678443608,172.02648397470742,172.19639334844445,172.38250785823598,172.5822042737468,172.79277122888965,173.0114892422308,173.2355013831022,173.46182208800747,173.6875249035872,173.9098432013818,174.12600471988105,174.33286964706377,174.5268297251507,174.70421753317675
28.989474167000026,181.94615443902865,181.39706390142464,180.84070995623614,180.27986428383588,179.71745242139397,179.15643193786522,178.5995723659342,178.04929288828876,177.5077137903309,176.97688094080416,176.45883899661496,175.95540845285572,175.46800203090382,174.99772331726558,174.54559125673183,174.1126473145152,173.69981209678946,173.30765338832714,172.93638962971977,172.58610563165902,172.2568158869464,171.9482307832899,171.65952667357683,171.38934555149257,171.13580448580893,170.89648021397906,170.6687221043329,170.45016637295757,170.239035080767,170.03423169069455,169.83525649500513,169.64187256882522,169.45374223458901,169.27022506189883,169.09038953043776,168.91322105235906,168.7376965463397,168.56265620443995,168.38689503602234,168.20947429188868,168.02983616966387,167.84771030715075,167.66315936641507,167.47680424364924,167.28996266605583,167.10452170100427,166.9226135106985,166.7465514008846,166.57916486783412,166.42385628266388
29.173489213000266,184.49687623864295,183.57685089821234,182.67083034042233,181.78270885091356,180.91619044447592,180.074598922865,179.2607438242585,178.47699822382748,177.7255476095358,177.00848550490727,176.3276109458017,175.68426329860313,175.07943733362367,174.5140221633205,173.9889208694043,173.50491761970426,173.06245424581437,172.66164031624396,172.30247351390804,171.9849056884917,171.708609894687,171.47274937875483,171.27597426478792,171.11642609535158,170.991715626612,170.89922708529542,170.8366217708148,170.80212452533235,170.7946048499487,170.8134759774266,170.85834256144918,170.92861697601873,171.0232952650969,171.14094489429104,171.27988703577918,171.43824362624767,171.61377990176422,171.80396507436419,172.00625135447785,172.21815484449553,172.43712696075545,172.66056386669266,172.88599466483217,173.11118235749743,173.33395838952654,173.5518604371572,173.7620308689138,173.9615150099186,174.14738650324793,174.31666531145186
29.358461441000145,181.65867576434113,181.07988304517704,180.49370104208975,179.90420529533066,179.31521164677085,178.73011651451594,178.151951275959,177.5836099301246,177.02792565106728,176.4874512746412,175.96427913833978,175.460143118901,174.976646408155,174.5153717832687,174.0777411065621,173.6647859633347,173.2771534136506,172.91532361250626,172.57967461927214,172.2702496627878,171.98652778508531,171.72742358076317,171.49129615730317,171.2759326917456,171.0788597706535,170.8978553800376,170.73124505444008,170.57799395211447,170.4376181568781,170.30984585721333,170.19424838607495,170.09003214938306,169.9960435795463,169.91096982493337,169.83340538838118,169.761715383868,169.69411803141006,169.62898653775105,169.56495381772578,169.5008086271964,169.4355304857387,169.36850401174627,169.29964653199434,169.2292696059041,169.1577439279295,169.0854248029889,169.0129770627775,168.9415264178319,168.8725272152977,168.80767060127516
29.542480611999963,183.12434413629074,182.31938306307782,181.52035276869157,180.73192512435494,179.9582024560068,179.2027903620884,178.46904281604878,177.76015511135336,177.07895964795946,176.42775994571804,175.8084457028528,175.22273241983606,174.67228232983803,174.15857336003114,173.68267802439223,173.24527621837686,172.84687866577494,172.4878963353272,172.16841109043912,171.88794849176242,171.64547846598924,171.4394239618008,171.2676429632762,171.12773704185162,171.0175593070748,170.93550525859527,170.88059829961762,170.85239320621847,170.8506281980733,170.8748455908887,170.9241720580716,170.9973106412083,171.09272722825196,171.20870172644464,171.34317462030532,171.49381156464764,171.65828620034577,171.8343646997793,172.01978067856876,172.21224793302224,172.40965172469174,172.61015259235467,172.81202347160112,173.01328974925673,173.21162963748822,173.4046739537631,173.59013255059614,173.76563764713305,173.92869782823973,174.07681501949736
29.726132709000012,172.59787778547496,172.61492834094642,172.61662440025233,172.60330809526624,172.5755776761381,172.53446234006287,172.48144790122728,172.4182085192861,172.346380033089,172.26761782787077,172.1837828206993,172.09701232953736,172.00954253905422,171.9234444219879,171.8405970182099,171.7628747311732,171.69218384995813,171.63020343549928,171.57813135367735,171.53666102195993,171.50596883678784,171.48567749340103,171.4751482176924,171.47397460767903,171.48226142474243,171.50069993425538,171.53046293219117,171.5728499492093,171.62890246300424,171.69918000212473,171.78374914220709,171.88236798098072,171.9945361929014,172.11934123413894,172.25552323494946,172.40175866092824,172.55674615053977,172.7190830726156,172.88728017681885,173.05995497840297,173.23593778368507,173.41411106850666,173.59305177478632,173.77093385346564,173.94583008884493,174.11584040224253,174.27893684601514,174.43291901741074,174.5755321691204,174.7046729780148
29.911247183999876,176.32305221607572,176.005600145779,175.6863094940398,175.3666820388354,175.04836437013412,174.7332005606719,174.42298954653904,174.11928272993657,173.82346471963683,173.53696080070222,173.26132792289786,172.99809596034083,172.74852115405926,172.51357570420464,172.2941502462873,172.0911045029186,171.90502134008534,171.73596510694128,171.5834699267374,171.44653801051473,171.32361331210018,171.21288365224336,171.11278411817656,171.0222851869629,170.94097727909582,170.86897498355196,170.80657154730446,170.75386355764044,170.71053679323475,170.67586533196626,170.6489065822768,170.62856241182322,170.61343700852,170.60191406581953,170.59245341790668,170.58369056460953,170.57432764914333,170.56316326686496,170.54930173596205,170.53227570910707,170.51190279250372,170.48794567159564,170.4600329843204,170.42797986625862,170.39193523004124,170.3522458278351,170.30943063575933,170.26431761632625,170.21820969325344,170.17285993133436
30.095426392000263,170.39341913538092,170.42026489694095,170.44912709044343,170.47822959329073,170.50644917653185,170.5330408520249,170.55740379596864,170.57913100137068,170.59818645173934,170.6149667727399,170.63011425103107,170.64424324070828,170.65790400753804,170.6717608059837,170.68661952070704,170.70316012359893,170.7216748313092,170.74203762284012,170.76368516859625,170.78557445876518,170.80647021937918,170.82543487551362,170.84210445718915,170.85676209691422,170.87023229895388,170.88352650964674,170.89745985179073,170.91242993291127,170.92840974919068,170.94513728622948,170.9621719259232,170.97874823174993,170.99384964361846,171.00650214974414,171.01587131995444,171.02115121123188,171.0215924746832,171.0167102493872,171.00640568035516,170.99082168904036,170.9700024615835,170.94381386558294,170.91226369369394,170.8756487744667,170.834418981411,170.78915166544598,170.74068855727708,170.69030196863525,170.6396702837802,170.5906047501243
30.27917898700025,181.3750897509999,180.61971645559993,179.87383822180817,179.14217800126738,178.4289662619768,177.73777704567914,177.07164593219505,176.43331331323967,175.82534961062174,175.2500290680047,174.7091139325506,174.2038729228391,173.73531066923826,173.30424338950536,172.91107601692877,172.55558166295617,172.23690909742874,171.95359834412554,171.70356974504156,171.484439663322,171.29403567899243,171.1306947782204,170.9933562983594,170.88147292825084,170.79467041676554,170.7323759789795,170.69360643757253,170.67696824931406,170.68085214533738,170.70349262079318,170.74282297078886,170.79654852638924,170.86243827866326,170.93841839362562,171.02245624544017,171.11258241206784,171.20709133268386,171.30465457741101,171.40416747122327,171.50439865148752,171.6038998859185,171.70131516785665,171.79551625147897,171.88545478475405,171.9701246978093,172.04868703254553,172.12062418961537,172.18570374035178,172.24372291601983,172.2943868419682
30.464471331999903,178.6232131416856,178.10196227765516,177.58324920760813,177.0708094793491,176.5678671335966,176.07723409320678,175.60153601584673,175.143321266535,174.70491965060504,174.2882127261523,173.89463958785413,173.52541479787862,173.18159371141684,172.86384039518896,172.57219899915208,172.30609424090864,172.0643410757456,171.84512888044935,171.64633329558697,171.46602855565934,171.3027837839859,171.15575499181935,171.02459605971438,170.90911933406844,170.80892580955884,170.72319591770292,170.65069305519154,170.58996256538552,170.53939639383142,170.49709410014734,170.46094286519852,170.42891666583714,170.39917810286653,170.36997149023105,170.33965462730035,170.30690992747643,170.27086882288518,170.23097015056422,170.18662205648835,170.1371246933068,170.08199266888744,170.02110433836117,169.9545680162208,169.88269867228186,169.8061571895706,169.72611903726127,169.6442523666965,169.5624764854259,169.48281308807637,169.4073474355543
30.64853241899982,175.33894178125638,175.1155468597428,174.88434200770797,174.64774573045327,174.4079675697722,174.16720932109675,173.92775079671605,173.69178681594758,173.46117726719552,173.2374341472229,173.02192225622804,172.81590879030702,172.6203170164693,172.43548487147746,172.2611541205995,172.09647012252407,171.9399574996835,171.78982482847482,171.64447114807146,171.50277773412566,171.36419684699268,171.228660703746,171.09624127956252,170.96678088346508,170.83968450458903,170.71392604020605,170.58825109797567,170.46124657361176,170.33120766754288,170.19622496115542,170.05449170645107,169.90441479556804,169.74451799743926,169.57348486036574,169.39038192734054,169.19479615316118,168.98670719257026,168.76616405294064,168.5332233366171,168.2882879699473,168.03227344089407,167.76649153874203,167.49264506285635,167.21298546628427,166.9305001579586,166.64890932338884,166.37244305012428,166.10571094592194,165.8536291392761,165.6211090790821
30.83246725900017,164.6695725225789,165.027346934487,165.38867598718738,165.74944638600272,166.10639435034213,166.4571360196931,166.79994931263695,167.13346951822726,167.4566228902812,167.76877522424448,168.0697309000613,168.35943776366426,168.63769882606857,168.90411650865437,169.15804953250034,169.39854776590215,169.6246181266981,169.8356942912538,170.0318935841839,170.2140726642504,170.38370514278043,170.54251161158814,170.69206188403496,170.8335402940458,170.96772600560215,171.09517086161551,171.2162448073588,171.33097938589637,171.43913176208216,171.54046926924056,171.63485779170878,171.72214242580057,171.80216768391364,171.87497776731317,171.94093069018743,172.0005468347634,172.05416136069766,172.1018376449068,172.1436806235203,172.17997705839664,172.21105275051127,172.23724022662196,172.25900895755555,172.27712496003,172.29261980819092,172.30654004813314,172.31978945358648,172.33302930848203,172.34642250181443,172.35951075772874
31.017143496000244,178.57629686204254,177.98036284291157,177.3951817501532,176.8245064989089,176.2718906907192,175.74055609474976,175.23317166039786,174.7518678701705,174.29846303524187,173.87453671681504,173.48120541535775,173.1189013390381,172.78737986862265,172.48573575550944,172.21239335011987,171.9654239791511,171.74306327907996,171.5440119444259,171.36753161512001,171.21335916863984,171.0813700398948,170.97121053177378,170.8820901306419,170.81278595617042,170.7618420561559,170.72763376590024,170.70822781463576,170.7014608194951,170.70523634241042,170.71762400038244,170.73674924376672,170.76082123320936,170.78833949964778,170.8182133211084,170.84961453888135,170.8816333702423,170.91319451860082,170.94337256791638,170.9715337891669,170.9971944765175,171.01998942477962,171.039802681427,171.05692748966788,171.07203550294605,171.0859263079102,171.09936972735437,171.1130061117119,171.12709041692128,171.14136360608572,171.15526549278496
31.201181875000202,172.00257583333195,171.79112767416007,171.59530971853968,171.41519032335628,171.25099034155707,171.10282778085082,170.9706982783436,170.8546682313017,170.75491596638744,170.6714762531558,170.60398910433506,170.55167858170853,170.51334171895314,170.48731290912164,170.47175690403495,170.46516324243387,170.46662555780793,170.4759174677289,170.49338827488972,170.519609056285,170.55498904753298,170.59955327294722,170.65293348077464,170.71455501936435,170.78368979527536,170.859305914728,170.94013656636128,171.024968237659,171.11273167287325,171.2023841057107,171.2929301180253,171.3836217322339,171.4740715978367,171.56409992522856,171.6533846591116,171.74137213261253,171.82758713477367,171.9117694711482,171.99372709370064,172.07329937725513,172.15048264899173,172.22558486878773,172.29918953062307,172.37189982097297,172.44417551410237,172.51622783128096,172.58775809069968,172.65782372549833,172.7250632016174,172.78799632747243
31.389064985000005,180.08837453554793,179.50389088495064,178.91843769385667,178.33780733561875,177.76699505785862,177.21021779238396,176.67114622750768,176.15298513242456,175.65825690386592,175.18858899550239,174.7447307167711,174.32657932668872,173.93318062737944,173.56305710102833,173.2147363396063,172.887063183585,172.57930726642505,172.29108921661114,172.02205613892622,171.7715263480784,171.53829438953542,171.32064850673368,171.1165833031384,170.92387786337767,170.73997006617466,170.56204978413288,170.38737120330902,170.21336781219514,170.03755873415403,169.8575938920786,169.6714787450357,169.47771258157465,169.27516113715458,169.06273312990928,168.83931804301457,168.60412415630208,168.3568439571179,168.09753703460112,167.82662403762737,167.545043778196,167.2544403227704,166.9571600530171,166.65602960660894,166.35422701320022,166.05521104511914,165.76249435625166,165.47954368421046,165.21003829299207,164.9581043516845,164.72810820154305
31.574251708000247,176.84072155167607,176.27636364161185,175.73838503622127,175.2286106983737,174.74832712812312,174.29850891864453,173.87989212218818,173.49274964625064,173.13666956941165,172.810562072235,172.512675098097,172.2405841194559,171.9915092064991,171.76283228417884,171.55239811497307,171.35861081076035,171.18034921869884,171.0166318834488,170.86625162802835,170.7275708468304,170.59852971907927,170.47685013164855,170.36010560809726,170.24558800228235,170.13039367098935,170.01172937236265,169.88702144871465,169.7538169724174,169.60982434455022,169.4531340836864,169.2823537842673,169.0964780042961,168.89456266666696,168.67566129056462,168.43916204201923,168.1849527184707,167.91330375487973,167.6248628135402,167.32081301981825,167.0030616652536,166.67423933677088,166.33748035819647,165.99629683275543,165.65451127746775,165.3160333918317,164.98476420203673,164.66485872096075,164.36096477910382,164.07800935962388,163.82065355335405
31.76193173999991,168.74742628997993,168.85502323863065,168.9647368352129,169.07593463928592,169.1882536295591,169.30161886111034,169.415966845684,169.53097462202425,169.64602024507133,169.76015480279716,169.8720512948897,169.98028349774526,170.0838076019184,170.182230035663,170.27587313371325,170.36566183449358,170.45276193179993,170.53818973501168,170.62258403368378,170.70619236998337,170.7890541981171,170.87105101490718,170.95175400618652,171.03049171061977,171.1066377375252,171.1797018914195,171.24921318217747,171.3147420183921,171.37610213864545,171.4334660885908,171.48721484491196,171.53759102650025,171.58461288188454,171.6283879331416,171.66925330289183,171.7076327464474,171.74400391086286,171.7790278701818,171.81370777538703,171.84935662753506,171.8873451454446,171.92894214012978,171.9752125517635,172.0267589008882,172.08358965210067,172.145345938364,172.2115046632112,172.28112973364088,172.35240298151297,172.42261201306118
31.946108532999915,166.8681006737939,167.2173153033634,167.55428536293905,167.87827948200095,168.18899592250395,168.48626636874127,168.76976672797875,169.03896068124087,169.29305609391346,169.5309396131664,169.75144256279913,169.95381090247596,170.13796264167613,170.30454434115745,170.4548098566948,170.5902518214807,170.71220569110375,170.82161721694894,170.9190253221398,171.00474293090107,171.07890580862653,171.1413199320588,171.1915298676556,171.22910817294317,171.25374915349676,171.26515543589568,171.26306463698947,171.24745666790093,171.21867546493445,171.17728573277918,171.1237341241466,171.05827202749612,170.9812788237751,170.8934126167452,170.79547843330556,170.68840738532447,170.57339880641516,170.4520921595906,170.32654867382112,170.199013621301,170.07177157766213,169.94705973924843,169.82682495440142,169.71260785771253,169.605785430182,169.50778985993708,169.41987529484268,169.34266386303685,169.27610748536927,169.21984806156368
32.13102734699987,171.04064656742617,171.10790441056443,171.16673846944116,171.2185609666134,171.26461274838158,171.30569799353668,171.34215097454017,171.3738148752501,171.3999979105428,171.4197597986071,171.4324013128876,171.43774028194704,171.43618566410905,171.4286328601065,171.41611078135685,171.39940053025168,171.3788166005663,171.3542026228076,171.32512426323572,171.29092939766971,171.25060614815436,171.20286133302668,171.1464194204491,171.08012539518185,171.0028400770528,170.91347524970215,170.81120921558713,170.6956166455047,170.56653338187368,170.4237256907761,170.2668212015304,170.09564045734766,169.9103561390187,169.7113700093978,169.4993011147384,169.275137293241,169.04041681521034,168.79722013198,168.54794265431215,168.295160900245,168.0415570720943,167.78968769200463,167.54187964326178,167.3004848832988,167.06811162968066,166.8474035195477,166.6405980090763,166.44950040769655,166.27582125406607,166.121240231917
32.31498697799998,176.77494022374924,176.43527128218452,176.09128249469185,175.74753966262026,175.4077204314134,175.07461701339562,174.7501501631237,174.43535942142276,174.13072248492264,173.83667626622787,173.5539228802299,173.28353207682827,173.02686320008914,172.78523712903998,172.55957801237543,172.35021567707687,172.1569007215356,171.97901489960006,171.81564692446221,171.66546429676657,171.5268037308403,171.39798029824595,171.27739873222953,171.1634554690398,171.05457882515384,170.94944796916,170.84712460116785,170.74691804512054,170.64805329649732,170.54959931298868,170.45079652194025,170.35121065843256,170.2506030357296,170.14891084066383,170.04638956398864,169.9437844536556,169.84231103646027,169.74341570271812,169.64862877459862,169.5594752063077,169.47722864303427,169.40279229370614,169.33693800298485,169.2805214563382,169.2342451657287,169.1982006655076,169.17182649375124,169.1542298654925,169.14428175542287,169.1405433427965
32.49930343400001,163.96812184769382,164.59469617168406,165.20279199056813,165.789723496896,166.3528970462317,166.88973956554608,167.39760601083796,167.87401915075753,168.31711458623968,168.72587451879986,169.100162004203,169.44057893395203,169.7480783144969,170.0235507293401,170.26757590066518,170.48039136654083,170.66206085912944,170.81251246967008,170.93137714321156,171.01805000081137,171.07197452053592,171.09273292398214,171.07993124077672,171.0332263418377,170.95253548875297,170.83816219881663,170.69065901672263,170.51049662051886,170.29799643423488,170.0536656054295,169.77836134520223,169.4731746146182,169.13942662990388,168.77883017256906,168.39368246337864,167.9868695096831,167.56165277595358,167.1215504422576,166.67027822948577,166.2115353327766,165.74891871384582,165.2861969114986,164.8275610531158,164.37742443550366,163.9400017941424,163.5193044907397,163.11949914201318,162.74503898212765,162.40052705475492,162.09045551488285
32.68424270600008,166.65057995272142,167.02897834652342,167.40121141993373,167.76462851493886,168.1164496307279,168.45369138817048,168.7734239619277,169.07323192074023,169.3514625297222,169.60727330172477,169.84050209839404,170.05129041559647,170.2396798086257,170.40537244850233,170.54770790362102,170.6658388130599,170.75877562013528,170.82523099323933,170.8636865163765,170.87268176551626,170.85090920184857,170.79710343789063,170.7100722494257,170.588909961137,170.43312708392537,170.24251687093897,170.01682829317448,169.75570267719357,169.45901292984382,169.12703241030835,168.76032349195384,168.3597393401724,167.92659094107577,167.462846183042,166.97114093754087,166.45457301926982,165.9165913131595,165.3609450618503,164.79147886111056,164.2120566103805,163.626845563808,163.04057813937573,162.45836281708796,161.88527519460595,161.32636536531828,160.78702906149144,160.27315175816042,159.79098471932312,159.34686240866736,158.9466680999118
32.87205602699987,162.43006862761737,162.98369627963314,163.5414852858438,164.0974582360015,164.64582494816682,165.18122062648933,165.69914726424415,166.1962020723301,166.67010491405767,167.1195482098369,167.54380008049765,167.94228079165686,168.31430357224178,168.65903195986968,168.9756363763135,169.26332011882147,169.5211453935499,169.74808195651687,169.94327844666466,170.1061397977334,170.23619922930556,170.33313212482813,170.3969523513172,170.42812481918534,170.42741486486082,170.39554386947773,170.3331082669693,170.24090077722633,170.1200608370352,169.97194418694565,169.7981050609437,169.60044294123068,169.381380616128,169.14385343401403,168.89108059221104,168.6264307217007,168.35334675111892,168.07511560606318,167.79476602043175,167.51532565801162,167.2400552804962,166.97223139970652,166.71470861998682,166.46989800672847,166.2401091306731,166.0276652293737,165.83475075449323,165.6631010583493,165.5135282443474,165.3857286759287
33.05628086000024,175.94823239319814,175.6332738835025,175.32038529283653,175.01112819915437,174.70644981279472,174.40720350250166,174.11445476629305,173.82958412888155,173.55421001200497,173.28986200404623,173.03762431716498,172.79794029253827,172.5706299493808,172.35510317354036,172.15043866802554,171.955259267098,171.7678261885939,171.58635234763477,171.40911818209787,171.23437857507315,171.06040828462443,170.88572655247148,170.70923481842019,170.5300882604463,170.34737071746162,170.16003029630122,169.9672146494593,169.768433048272,169.56343536149006,169.35220153663383,169.13509369479598,168.91303772244262,168.68751439531317,168.4603310118626,168.2334859318006,168.00909113396742,167.78913847657253,167.57539305991955,167.36964500996154,167.17393753612782,166.99034281607229,166.82051702637267,166.66567096699325,166.52690404049372,166.40531113888036,166.30182181922208,166.21688163557172,166.1499697684238,166.09942171593488,166.06281175098002
33.24123975700013,157.69484335363703,158.51790688457913,159.34793883224825,160.17520400271988,160.99132409844435,161.78947929953688,162.5644082443144,163.31223019037532,164.0300204022976,164.71535906792758,165.36604502070003,165.9800265923335,166.55553244058908,167.09107265158008,167.5852408312498,168.03673981672543,168.44463113658853,168.80839163249473,169.1277657515304,169.40276081136673,169.63382577421868,169.8219472981241,169.9684836086875,170.07480555697182,170.14220196264398,170.17218801852843,170.16664366576245,170.12767183136157,170.05756990702577,169.95896636279448,169.8349891652238,169.6892458259349,169.52558585457913,169.3479578152652,169.1603259119282,168.96643160535524,168.76968349069202,168.57340659192442,168.3810687747042,168.19605568811627,168.02122542253724,167.8588792097897,167.71109581527477,167.57983907398665,167.46679786081444,167.37306828217052,167.2986721598253,167.24238051089367,167.20210246520912,167.17536514528473
33.42547288200012,169.18741116496622,169.3237804910116,169.45679695262032,169.58444692892962,169.70541554166343,169.81915013253428,169.9257449132084,170.0255773949941,170.1189165293225,170.20569352793393,170.2854874354928,170.35770809932998,170.42164668238235,170.47632432228272,170.5205614928248,170.55326815523344,170.57353809889594,170.58053599323082,170.57352448661536,170.55207194059233,170.5161746354864,170.46611407090631,170.40211881743954,170.3242881173868,170.2329161156189,170.12864373917145,170.01232822982774,169.88502382272998,169.74812557954965,169.60354316067173,169.45368447620655,169.30122010252148,169.14894077432982,168.99967298696393,168.85603831880763,168.72033980816855,168.59480664494708,168.48181498105822,168.38365637193507,168.3020851376583,168.2382810715643,168.1931752485936,168.16754848952522,168.1618618781964,168.17592922873152,168.20842568780267,168.25670129506358,168.31716006815313,168.38575920673586,168.45833356569025
33.60939947299994,177.61479583111733,177.24042721752332,176.8613024388523,176.48030101442157,176.10039063051306,175.7245581093421,175.35549141591974,174.9952323639141,174.64499077341472,174.30517198715057,173.97560026952124,173.6556081561239,173.343922316557,173.0387684811718,172.73819554482185,172.44020230076887,172.14265540465342,171.84334600441778,171.54022574322835,171.2315561064794,170.9157918848036,170.59126836882646,170.25614964148883,169.90877702319432,169.547844866469,169.17229388410723,168.7813156829922,168.37452068848734,167.95213641521534,167.5150161881596,167.06442935538573,166.60194544517873,166.12937743074102,165.64856982422808,165.16131502692204,164.66962926646735,164.17600597096242,163.68321811044953,163.19390078191674,162.7105504194562,162.23588829859077,161.77299776724902,161.3251944329234,160.89573898798545,160.4873865919858,160.10224131301533,159.7421758148243,159.4093704420684,159.10656059662858,158.83682435571018
33.79433949600025,179.7471289799508,179.07526789160946,178.41964216534973,177.78338550086306,177.16947030618545,176.58041344267258,176.0179509850343,175.482872764155,174.9750686266188,174.49376897332112,174.03764969179036,173.60473209927068,173.19250050738955,172.79823758619142,172.41916104882694,172.0523503272999,171.6948107470813,171.34371598018592,170.99656282026015,170.65105912339573,170.3048146010078,169.95529189960155,169.6001570897422,169.2374568257741,168.86551242272702,168.48292458253977,168.08874101184412,167.68265394185713,167.26500770645907,166.83658746937408,166.39850160044972,165.95212290909893,165.49887449947744,165.04014371505934,164.57755554266893,164.11322336338753,163.64954861722782,163.18880069300522,162.73311345957885,162.28484614146257,161.84671800498086,161.42167611814756,161.01260590006797,160.6218784129234,160.25120293346126,159.90204502634143,159.57616430833994,159.2758608341147,159.00376788069016,158.76232982598336
33.98206215300024,178.46323199472351,177.9154101637437,177.37502057955822,176.8458949628964,176.33144781493172,175.8343432843137,175.35632275822343,174.89824502575453,174.46032148816897,174.04221644117692,173.6429429556655,173.2609768763631,172.89458902455002,172.5419790344364,172.201199402239,171.87021716496355,171.54715389849758,171.230437989624,170.91868993800924,170.61041028836328,170.3039275432172,169.99774509628995,169.6907143679766,169.38192431204763,169.07070095138016,168.75676911412137,168.440443313941,168.12262786805627,167.80459728666912,167.48786938234403,167.17413626250533,166.86503893218838,166.56206894566023,166.2668284573605,165.9812665505495,165.7074634133375,165.44719368945647,165.20190545045944,164.97306253897477,164.76225981355176,164.57107064208742,164.40073646469241,164.25169250723084,164.12339833568643,164.01473365398223,163.92451374360795,163.8517137162408,163.79523963018553,163.75345492420095,163.72406418635126
34.166023075999874,181.06960259246875,180.42416048386252,179.77750460453524,179.13564493356026,178.50357009049753,177.8850866171175,177.2828715433008,176.69872051985894,176.13366137445783,175.58786346975512,175.06076525635217,174.55141999897154,174.0586430157191,173.58094893638795,173.1166263391871,172.6639904121074,172.22154756317357,171.78789271713725,171.3614088910276,170.9402264008347,170.52258074965755,170.10699639669343,169.69218660047213,169.27706302395413,168.86090730721563,168.4435715892911,168.02548811344948,167.60745899191957,167.19053862187332,166.775973959158,166.36498841939374,165.9586928858428,165.558355212736,165.16564613725546,164.78243320036046,164.41035402914005,164.0508054466102,163.70529617079904,163.37557263792476,163.06347729200928,162.7706491472509,162.49806067896424,162.2458596959081,162.01377654635567,161.8016509920012,161.60966784159245,161.43813929971978,161.28704237179346,161.15588427490022,161.04392480013112
34.35106976299994,172.9440042015747,172.8948046314852,172.8370915441729,172.7721984915206,172.70086097371606,172.62321662679307,172.53900280777978,172.44762167112168,172.3480033083315,172.238689496142,172.11813814835716,171.98483189620208,171.83717936004825,171.6735565043695,171.49252873349877,171.29298764575753,171.07402316163277,170.8346005839151,170.57349989727973,170.28965630464396,169.9823291403234,169.65098928928623,169.29531873265074,168.91537435545993,168.51178292733195,168.0857473187323,167.63883495731017,167.17286094480838,166.68983097013873,166.19172971767549,165.68043817970738,165.1580111909484,164.62693302662353,164.0899225909938,163.54951947314996,163.00808725656532,162.46818176007335,161.9326936548333,161.40472470188942,160.88730730986035,160.38296135107598,159.89355675903298,159.42074211527552,158.96649339933938,158.5333718150074,158.12432844946974,157.74226388533356,157.38991546978778,157.07004304031926,156.78533988772153
34.53540913500001,164.927748742641,165.37786070610116,165.82091192004467,166.2531444711542,166.67084646764567,167.07050317249227,167.4488163617721,167.80252278334973,168.12843451328908,168.42370151030318,168.68587995515085,168.9127950608347,169.10254583302535,169.25369249399978,169.36536051491606,169.43708197409538,169.46844377899222,169.4590000197268,169.40858739520058,169.31747078129857,169.18620898808012,169.0156342339951,168.8069973733465,168.56214568194838,168.2835131539605,167.97389420206073,167.63631306814764,167.2739539671813,166.88993755184146,166.4872269983653,166.06889492679574,165.63836889743843,165.19922691661293,164.75477414162938,164.3080370923607,163.86212297660745,163.42035351284318,162.98613244429527,162.5626564043869,162.152463044297,161.75728493070395,161.37846942057675,161.01751869977457,160.67633892699993,160.35703628397283,160.06146811282653,159.79112192366014,159.5472931686299,159.33101761665435,159.14281608636966
34.71936364300018,172.50672495563592,172.38845855641034,172.27106727398967,172.15440036077584,172.0379462631509,171.92090132288064,171.80203591171556,171.67978056338492,171.55253221285847,171.4187639778948,171.27692705134376,171.12549209691056,170.96317080200757,170.78905149652164,170.602469539679,170.40268201478438,170.18880401669844,169.96014550250814,169.71637581455144,169.4574059705976,169.1833823035991,168.89484354656642,168.59290823047724,168.2792724136985,167.95598870221968,167.62533893597518,167.28976563240298,166.9516478436042,166.61320479617527,166.27675859572693,165.9449738069742,165.62064541225246,165.30626640939377,165.00401142926236,164.71608405584206,164.44483731190343,164.19262658849837,163.96150476868303,163.7527535540312,163.56671960869247,163.40321584498068,163.26204216644712,163.14321475296603,163.04674184724865,162.97215439973525,162.91836455001638,162.88382305753777,162.86643175508246,162.8633269214683,162.87102571071424
34.903337359000034,157.80109424468537,158.81616470300023,159.80527879923872,160.7614541531154,161.6785613326771,162.55109091091938,163.37414403433564,164.1436470140039,164.8563736867719,165.50976434783254,166.10188880859138,166.63159433068614,167.09857238551413,167.50316493208342,167.84597970008198,168.12777167256982,168.34972961621702,168.51359461872715,168.62150055639972,168.67592988434262,168.6798366408034,168.63680331878575,168.55101140118794,168.42699629185967,168.26949878882292,168.0833779618802,167.87337086413845,167.64398222349539,167.39973517840133,167.14540065769762,166.88577670404646,166.62524880723814,166.36776744252933,166.1171903219435,165.87739865735432,165.6521465606245,165.44475318985508,165.25763152092532,165.0921222419393,164.94889298991401,164.82845715371295,164.73140124869497,164.65815875651575,164.6085387343085,164.58158213211266,164.57571690565268,164.58866798614045,164.61723800576556,164.65746829496962,164.7051109907678
35.08838167100021,170.9844308106431,171.0239074341694,171.05299558553668,171.07095623198458,171.0767160641667,171.06894111950598,171.04633147036216,171.00772039075815,170.95196654255332,170.8779865408713,170.78496851508527,170.6725005332642,170.5404345484769,170.38855536075337,170.21651183199714,170.0241492756714,169.81167008120124,169.57951261849956,169.32834195582987,169.05920443786044,168.77371294390286,168.4740427979077,168.1627092438244,167.8424388172944,167.5160996620464,167.18647640623166,166.85617292840388,166.5278742576428,166.20458538312337,165.8894184424165,165.58515951796664,165.2942513927148,165.01913992066025,164.76239345060148,164.52655455892,164.3138338219236,164.12563961904112,163.9624125670911,163.8240248979584,163.71029908702246,163.62123481146884,163.55678219591837,163.51636970396913,163.49875965931136,163.5022025187972,163.5243459849779,163.56201487324924,163.61137125689146,163.66838572725334,163.72919761907
35.27599566400022,173.99332648864439,173.89701185963227,173.78359184299563,173.653750842979,173.50766161826147,173.34529245688424,173.16651909204253,172.97102978160436,172.75837081403543,172.52817297961474,172.2802928159386,172.01468924452718,171.7311050668852,171.4290105468243,171.10794800418714,170.76770449588827,170.40820265717767,170.02950327424767,169.63197168224502,169.21647486408952,168.7843892841856,168.33739043915017,167.87733652994118,167.4062113809457,166.92591230108945,166.4381662979574,165.94480597096816,165.44802293945304,164.95017035318267,164.45334578939548,163.95939095683195,163.4702559255384,162.98813737551342,162.51535016509726,162.05404198311922,161.60574509621512,161.1712337963435,160.75094784829858,160.34553621255,159.95611006882692,159.58404302014188,159.2305267316772,158.89645485509666,158.58260619607813,158.28958301388312,158.0176201326293,157.76677411260957,157.53742300179857,157.33057313134398,157.14768353351522
35.46003512800007,161.4582743003961,162.11789807816248,162.76342916143568,163.3879169304266,163.98521495114903,164.55002181955314,165.077716136215,165.56433335690625,166.00672546017708,166.40263756914408,166.75052240460397,167.04916223621942,167.29755570081434,167.49520850449113,167.64225513065233,167.73930163258316,167.7873830517688,167.78808749481462,167.74371365611557,167.65724170896542,167.5320884163646,167.37195871900352,167.18075876622575,166.96235591541017,166.72046893404698,166.45891954932844,166.18186301779787,165.8935690794669,165.5979844196213,165.29871288229194,164.99936098382994,164.7036580573547,164.41531017642677,164.1376974808566,163.87340878803596,163.6240819814926,163.39081037941827,163.17466927932458,162.97695164451986,162.79895077342766,162.64149819014807,162.50482961508237,162.38875000759708,162.29255363130596,162.21481491265806,162.15355946313915,162.10674593982012,162.07255539694063,162.04925680630657,162.03497301815256
35.645168105000266,169.8915115580662,169.8337108360017,169.7813060160388,169.73088224478266,169.67927632584355,169.6234715740098,169.56063167081433,169.48831431139354,169.40459867285847,169.3079475135959,169.19687353710657,169.0698673864327,168.92572630894145,168.76371065883,168.58341837999933,168.38477108994795,168.1681638895758,167.9346457879559,167.68591077417503,167.4240705022872,167.15152096514396,166.87086824305769,166.58469897335743,166.2954788950108,166.00581073134188,165.71866919912358,165.4371846211281,165.16420637454985,164.90228252474014,164.6540032943302,164.4221177963692,164.20938327409604,164.01825656123904,163.8504217343644,163.70662253479202,163.58705984697696,163.49190851271874,163.42154252998134,163.3763065612109,163.35604207516488,163.35994106946015,163.38669845806083,163.43441917151898,163.50039584404496,163.58126656845667,163.67348351304747,163.7735891821582,163.8780691383368,163.98314033473602,164.0849036640089
35.82912723800018,172.70600424763512,172.61990509127097,172.51357048878884,172.38726259247395,172.24113326127116,172.07526468698822,171.88989127000735,171.68553650409254,171.46288543141347,171.22246207457275,170.96456900539366,170.68962790345392,170.39834810339593,170.0916131226837,169.77047865572405,169.4363340396489,169.0910939752616,168.7372004426599,168.37740569691593,168.01464864983495,167.65198966398225,167.2923893543435,166.93861470934144,166.5935037592572,166.26020655212545,165.94197389212144,165.64172505638152,165.36203082834234,165.10545949104522,164.87469520681162,164.67238802786403,164.5008452577654,164.3615581451275,164.25503250099834,164.18118354476601,164.13984928009484,164.1310114762887,164.15456221135426,164.20982433732803,164.29539885724665,164.4093103462981,164.5489065200152,164.71062788601014,164.8901570307878,165.08287841497702,165.2841455476522,165.48912445691803,165.69257271593628,165.88901169050504,166.07318252417934
36.0157418419999,172.39921670195483,172.29663929023292,172.17022106960374,172.02088556462937,171.84950687392967,171.6571318061181,171.44511723722667,171.21500317549177,170.96819086308776,170.70588299536627,170.42942482932642,170.1404730969705,169.8408826296755,169.5327040917659,169.21834473865337,168.90075889094615,168.58344796983968,168.2702408829881,167.96516696889626,167.672386426483,167.39596372441102,167.13976720031195,166.9077259760404,166.70406184740213,166.53306750276008,166.3986621877044,166.30436105795204,166.25360577195968,166.24986566292066,166.2964686546432,166.3962715693612,166.5511637471321,166.76187251841577,167.02833079897232,167.3501610893449,167.72686495404275,168.15755595811208,168.64044446768085,169.17264737759737,169.7502940034595,170.36838438015272,171.02051608080606,171.69898932708003,172.39522152942428,173.0999684432768,173.80312122785364,174.49343909460478,175.15867570204202,175.78612348175912,176.36345546807087
36.201874708000105,171.24482434276985,170.98565559322358,170.72856992281845,170.47223861166023,170.21562426164982,169.95812611694564,169.69945916788927,169.43933654897674,169.17741248022932,168.91362467988034,168.64836330735986,168.38235647304313,168.11666583028295,167.85284426952472,167.59312249762982,167.34040442701328,167.09804223101588,166.86970332912625,166.6592942731249,166.4707270625617,166.30781112351113,166.1745020912111,166.07512506086147,166.01414365893123,165.99570604301846,166.0236040570475,166.10159307256183,166.2334818306606,166.4229514205509,166.67321301189043,166.98649822845496,167.36385067252553,167.80547883808376,168.31122466647446,168.88073679484788,169.51318645550046,170.20673441987006,170.95832204579256,171.76375767077374,172.61755461055245,173.5126369075256,174.4404226459953,175.39121603625264,176.35440553619483,177.31823740127314,178.26952447754547,179.19374854796158,180.07558059804524,180.899762446798,181.6522295850859
36.38617254100018,163.85477702627242,164.21959911572426,164.55755802756715,164.86605189572674,165.14346454184036,165.388992297661,165.60227689476238,165.78330172121957,165.9326903819537,166.05183459327353,166.14274138646675,166.20799304499232,166.25087167829562,166.27551507609712,166.28688360905835,166.29050885697063,166.2923360388789,166.29862501553876,166.31569518275515,166.34979727262447,166.40734298129766,166.49510986236368,166.6199926116242,166.7885316250306,167.00685483226067,167.28098011597683,167.61688741579994,168.0203194442861,168.4964204318751,169.0492065983206,169.68133668191686,170.39444260033184,171.18957434817557,172.0673480509032,173.02763502247413,174.0690001321767,175.18846247572202,176.3815495573478,177.6421012365013,178.9619396112532,180.3309147194249,181.7372573632243,183.16773647310455,184.60739059552515,186.03919356390418,187.44411296191547,188.80158610281785,190.09035739070143,191.2896847164141,192.380673727819
36.57004326000015,178.08877930600033,177.2611826805984,176.43518435520335,175.61554425822595,174.806761803037,174.01281011828377,173.23712973224795,172.48302024234093,171.7538566758285,171.0530202647481,170.3839368720477,169.75027484108384,169.15616883082262,168.60624936373486,168.1054487649202,167.65889559476267,167.27186239859864,166.94955216540305,166.69700660201613,166.5193672432171,166.42210694724204,166.41080301890057,166.49068296186505,166.6665789838031,166.94323868538075,167.32540115177068,167.81759749139522,168.42378535378296,169.14681123643797,169.9881690222915,170.94831493041588,172.02709309372165,173.22386079300097,174.53715130745613,175.96408280490482,177.50008639203085,179.13892466689498,180.87245717597102,182.6902691130698,184.5796733264159,186.52601714883,188.51279170380317,190.52131354137407,192.5303389689274,194.51607003309945,196.45257726944584,198.31258352950576,200.06861703746455,201.69443197483508,203.16655438509164
36.75495024300017,168.02123265792085,167.82945827997236,167.62111665717612,167.399010310222,167.16615689220785,166.9257285915322,166.681391856596,166.43747417565928,166.19884760314073,165.9709221833799,165.75980090803498,165.57246258771096,165.41675214126127,165.30114871974786,165.23462347146378,165.22655144476334,165.2864626665452,165.42391512466028,165.64872027550547,165.9711382098443,166.40161328826116,166.95028080626423,167.626880363833,168.44102291788468,169.4022202838939,170.51963568321005,171.80166442831492,173.25533812948217,174.88602045617523,176.69765425123165,178.69311385635663,180.87425135882236,183.2414744425744,185.79306403985464,188.52480473436626,191.42989915504518,194.49862273479357,197.7178352285168,201.07085920884057,204.5376573125544,208.09480626606177,211.71503804863104,215.3667092053362,219.0136580675105,222.61547596726604,226.1281379075982,229.50500218812977,232.6980788428559,235.65986052245782,238.3461716010574
36.939205035000214,171.9936210876851,171.42370403184347,170.84329179612595,170.25837699506945,169.67478755188753,169.0985589007944,168.53613243360527,167.9942696610696,167.48007504279212,167.00117894559133,166.56594695269303,166.183494884543,165.86347981866618,165.61597879623108,165.4514196020202,165.38034855237288,165.413317921117,165.56112352997314,165.8350095438442,166.24641119079854,166.80646587531052,167.5259282675941,168.41543625462987,169.48553642517712,170.74642759040688,172.20753133690627,173.87688290008936,175.76081029693617,177.86416142394353,180.1906328904391,182.74278921443596,185.52160998933948,188.5257731530674,191.7512472592409,195.19116395451493,198.83542702130853,202.67017438896582,206.67760336843168,210.8360909527935,215.12010731880582,219.49969303782171,223.9398612060467,228.4003845042708,232.83599358648004,237.19693263871454,241.42988206180004,245.47914866854492,249.28841764996113,252.80372536796696,255.97720663082373
37.123151334999875,164.91939947654683,164.59830716786178,164.28136447089224,163.97126240172847,163.6714526983306,163.38632106205742,163.12107581801996,162.8817451396514,162.67533444235178,162.51001026945156,162.3950900903261,162.34080831768634,162.35817021418967,162.4588580227596,162.65497417036903,162.95890406028005,163.38352883627022,163.94240499066112,164.64948134402485,165.518583652204,166.56330219195215,167.79722896312916,169.23395291849903,170.88677145061968,172.76822685233654,174.88946075356884,177.2598541860217,179.8872126958676,182.77804999378546,185.93755849775144,189.36910411828393,193.0734531767882,197.04830413829646,201.28809517209166,205.78354374229357,210.5210345136703,215.48236575584372,220.64478606904362,225.98081960734604,231.4576504163969,237.03642728003555,242.67194935499032,248.31275935557517,253.90159059516984,259.37617841613167,264.67033709938374,269.7155973417869,274.44406433565337,278.79235218466965,282.7054432718079
37.30783819899989,152.72641687228986,153.1057312810965,153.4875716939081,153.8700837514916,154.2533182841992,154.6390569906159,155.03074793064778,155.43360275807032,155.85472225748293,156.30302977430333,156.78898294612583,157.32437544459654,157.92219304393805,158.5963087951913,159.36129970268482,160.23261512443815,161.22671356742927,162.3607381697688,163.65196085861487,165.11763024121595,166.7751695497428,168.64213271401547,170.7358764386592,173.07305663587292,175.66894184246235,178.53701089375394,181.6890938942466,185.13560959698083,188.88548717649053,192.94560938569538,197.31998464374777,202.00922041301322,207.0102685811585,212.31589878393424,217.91401572421526,223.78733048370586,229.9133175131873,236.2639553964095,242.80502198762431,249.4953053718245,256.2861910614196,263.1216524144342,269.9385909018693,276.6675371839372,283.23361463154754,289.5580610535488,295.5609694742137,301.16510465377945,306.2999460326035,310.90542583116144
37.492116033,169.43752882810958,168.57808279777348,167.73148213923952,166.90749877939845,166.11635094607266,165.36875005783622,164.6761065989553,164.05076086678366,163.50601760137005,163.05595441574096,162.71531532582162,162.49945335667164,162.42410672689635,162.5052907847886,162.75953574170987,163.20408673724137,163.85663642513245,164.73481999339438,165.8561076226879,167.23804066796387,168.89821961517598,170.85400167718407,173.1220163745399,175.7174917288737,178.65385834334975,181.94289041350314,185.59493678490188,189.61883004796928,194.02131066738468,198.80617370290148,203.97371049411134,209.52041604635338,215.43841808438629,221.71474387374406,228.33093486796068,235.26294095141395,242.4807924841031,249.947820892712,257.61978944087804,265.4443948226472,273.36116684826044,281.30171319569394,289.1903206035556,296.9448146365391,304.47797436692707,311.700163497358,318.52303540601537,324.8634637008904,330.64742848453375,335.8136864359607
37.67600004299993,173.00399147335096,171.7300895785632,170.4886427980985,169.29235810477024,168.15410348056997,167.08715120708501,166.1054447008938,165.2236677296242,164.45708577708928,163.82147072724206,163.33307273218702,163.00842366957545,162.8642542786028,162.91775494545863,163.18679660544777,163.6896818887133,164.44465636410234,165.46981482808854,166.7833488665495,168.40354368285182,170.34848199574205,172.63556328903772,175.2808309734869,178.2985746639211,181.7014665395932,185.50078482481604,189.70631229743475,194.32574673698159,199.36383078199896,204.82177348119382,210.69693418880925,216.98222468694038,223.66534555592315,230.7283667797891,238.14758429576364,245.8931506469262,253.92825045225644,262.20818231776155,270.6798078485215,279.2813950762587,287.9428033557888,296.58602122556357,305.125959528336,313.47179635133324,321.5295355842827,329.2056369132587,336.4108692441889,343.06411824194015,349.0961271341862,354.4525530737784
37.86108348100015,154.87453705167303,154.63674998972274,154.44234084678382,154.29567192045036,154.20288538316612,154.17207862775751,154.21328354724972,154.3382200628829,154.5601355048946,154.89369404357302,155.35470081349598,155.95994297070723,156.7273777244997,157.6762838091671,158.8269464548638,160.20010558481542,161.81680200512668,163.69856758679185,165.86736716321982,168.3452496400068,171.1538162606655,174.3134982237731,177.8431104678785,181.7599401879992,186.07992270399888,190.81749216323493,195.98494356029667,201.59151311484854,207.6427488688341,214.1401417396846,221.08047251291796,228.4549904152309,236.24893289948608,244.44131802478688,253.00450730042377,261.90330945899007,271.0939865811331,280.52362308489535,290.12988480874,299.8411152248893,309.5767803380581,319.2481647102826,328.75961540931263,338.0109960193785,346.90120898448737,355.3319388516611,363.2113478049294,370.45770348567146,377.0025654639872,382.79333522129104
38.04491290900023,168.5076103715308,167.32875253617797,166.19316755026352,165.11684942720302,164.1166454536233,163.21032613824235,162.41642814694004,161.75418110785844,161.24348184876303,160.90470015169774,160.758597776367,160.82659036762095,161.1309683409415,161.69464648160564,162.54067170289824,163.69212348336785,165.17235276659474,167.0049668557474,169.21351762922598,171.8210008672914,174.84915874453154,178.31805217421902,182.24616144613765,186.65056766222983,191.54680234171846,196.94820157247509,202.86497164839778,209.30353795833292,216.266147274361,223.75017884292342,231.74727985156284,240.24283484925866,249.21570046903045,258.63770331064245,268.47267146666223,278.6753611672168,289.190739150887,299.9536481342856,310.8888026173767,321.91112684568714,332.9263377110991,343.8320698144955,354.52020535013196,364.88026770920806,374.8030321150801,384.18408555556,392.9273170243673,400.9479656072361,408.17532198304315,414.55546724767675
38.2289500830002,154.0825541422388,153.7423810301886,153.45180833303462,153.22228708580872,153.06727241581254,153.0019953129303,153.04332001761588,153.2096508981023,153.52067312401803,153.9972090290571,154.66141984437496,155.53696889378423,156.64871592005792,158.02217186314053,159.6833484326127,161.65894803206643,163.97630129841303,166.66300927427207,169.74639766069492,173.2527748322111,177.2069599013652,181.63233885354506,186.5510008179088,191.98354139389195,197.94836894847057,204.46072035722955,211.53195748739185,219.16911410722804,227.37414817077277,236.14301461007219,245.4650677918612,255.32272459155033,265.6908855780708,276.53588446670676,287.814327034411,299.4722798770881,311.4448362144583,323.6560058823289,336.0189413151249,348.4364023708072,360.80175739098075,373.00118343563037,384.916924991009,396.43076499765846,407.42744114449,417.7979892803207,427.4426424898009,436.2733826011895,444.2168419522812,451.21759815522233
38.41413264199991,164.60389709794578,163.5365304025055,162.53395620143135,161.61578458183124,160.80253878265583,160.11558300533446,159.57709834389715,159.20989072187695,159.03731237580405,159.0835262749693,159.37372933136228,159.9339038809535,160.79032661246575,161.9694691795226,163.49823598055937,165.40394632471316,167.71401798106962,170.45545955765277,173.65416340735229,177.33446537570268,181.5192294483719,186.23000940759633,191.48687446420567,197.30773482895228,203.70737374404635,210.69675731842614,218.282591892571,226.46658391794648,235.24451751327376,244.60565887758992,254.53241852870622,264.9997688688153,275.974187235133,287.4124856237155,299.26098745306206,311.4550785545764,323.91907950661823,336.5664510887179,349.3002356802579,362.01403196895836,374.59416588365946,386.92291702995584,398.88195446336886,410.3557147443675,421.2347041389472,431.4183535414963,440.8175229384879,449.3573533157648,456.9805030688934,463.6496124219198
38.59828785499985,167.68742209351248,166.22643645893862,164.87028357105876,163.6405344835976,162.5592988545274,161.6492394095221,160.9334163665359,160.43524331502928,160.1787839143804,160.18900525821115,160.4915573935973,161.11230819129074,162.07726783241012,163.41284843273652,165.1458660645509,167.30324221805657,169.91151219454323,172.99613217370066,176.5810513131683,180.6888069779956,185.34069524456748,190.5566036754733,196.35434235256653,202.74867970568414,209.75065448965123,217.3671336366504,225.60007096229666,234.44558187279253,243.89334323035746,253.92624931507095,264.51982134714507,275.64114068308754,287.24766682353277,299.2864005439621,311.6934192760585,324.39373179442737,337.3014639220324,350.3202780158385,363.34432353742875,376.2603815668001,388.95106248811175,401.29821064125815,413.1862488543881,424.5054447064004,435.1547270990805,445.0441499812953,454.09770117638146,462.2564934488401,469.481152487316,475.7524522175689
38.78203611900017,156.81910868191076,155.98387165903313,155.2679299295861,154.69029327108763,154.27130029738876,154.03241635802576,153.99614401895445,154.18627563899057,154.62810397508775,155.3481603325247,156.37370942788922,157.732635150563,159.4536626162909,161.566323601007,164.10062218447254,167.08650784606905,170.5531474713441,174.5284623128686,179.03918766110002,184.1110070036391,189.76834728231705,196.0336708308273,202.92647011183777,210.46253617731725,218.65347014372963,227.50589222252398,237.0204630172152,247.1912258146165,258.00520039014896,269.4417253897931,281.4713190232356,294.05441885585526,307.1404606961404,320.66732343441765,334.5610866663345,348.73611265212367,363.09535527878813,377.531193313198,391.927450875338,406.16246453018834,420.11235107196865,433.65420931795626,446.6692382978824,459.0454011036249,470.6797320884246,481.4809863894333,491.372670122684,500.29526734544436,508.2070225721307,515.0844591702732
38.96715880600004,151.5714310305044,151.25137534429498,151.03994036154026,150.95823561563415,151.02883673387896,151.27566463421405,151.7242093779369,152.40171448153905,153.3368910477411,154.55939070408638,156.09967133396682,157.9892007735643,160.26040532538158,162.94631966472684,166.08004511419352,169.69400746478811,173.81948009606455,178.48662984982735,183.72463712602678,189.56147649317495,196.02319307286416,203.13288048953618,210.90993097825054,219.3695266094904,228.52182583890573,238.37095976273514,248.91434647998983,260.14225376125233,272.0371067755926,284.57231031099707,297.710945991927,311.40480422527463,325.59377748793287,340.2055615737737,355.1556761672178,370.3477072637172,385.67406862104707,401.0179451154357,416.25627740134803,431.26294201166104,445.91186034876125,460.0800191643133,473.65003209116594,486.5123403114144,498.56775183471353,509.7303583515599,519.9296464976485,529.111163192604,537.2370842393,544.287756089867
39.150992277000114,157.24302435706005,156.48809238356404,155.87522412754277,155.43008532744037,155.17923098932118,155.15037687470672,155.37262979431063,155.8762458595276,156.69214550545527,157.85181912530624,159.38756837035635,161.33248986875222,163.72015786070213,166.5841126615047,169.95714607970694,173.87084950082252,178.35568205612336,183.44111031464902,189.15540576278903,195.52493530374005,202.57315053983842,210.31984640019485,218.78065803912668,227.9662501757361,237.88131321329092,248.52387449261823,259.88485482771625,271.94736701895545,284.6855257192204,298.0631290935055,312.03267193822205,326.5347168079521,341.4975697032442,356.8372716257687,372.45780846599416,388.25183636051133,404.1025853576784,419.8868007697928,435.47787634635307,450.7489127392004,465.5756839043344,479.83914108237377,493.42755255664844,506.2389788197758,518.1841223176141,529.188368864224,539.1923807082146,548.1525908197643,556.0426976974071,562.8551576439883
39.33526231899987,151.98510795518777,151.72160270664358,151.62357438991947,151.71387007293987,152.0168503346952,152.55858812412157,153.3665964244783,154.4693138193507,155.89598205551147,157.67686088790325,159.84318716951307,162.42683487388075,165.4597831349566,168.97338358998846,172.9978928812701,177.56252787034404,182.6955951269991,188.4242810729235,194.77393812006952,201.767072667409,209.42260561250637,217.75537439084272,226.7753307939355,236.48654897838654,246.88655208553422,257.9658876762678,269.7074487221883,282.08530956198956,295.06343728272117,308.5947381945464,322.62046592954545,337.0699376783411,351.86056980499393,366.89813520965276,382.0775394465325,397.28477826806596,412.39993576264783,427.30037696180136,441.86386807564014,455.9716066308198,469.510790717975,482.37682504238694,494.4758628272123,505.72772207424964,516.0679925234159,525.448692444181,533.8388238804258,541.2259245934343,547.6172594516686,553.0388756201469
39.52263398700006,139.2767540006983,139.87816955337442,140.65378468884623,141.6249302456111,142.81567438074543,144.2524884555708,145.96367255245372,147.97917481720492,150.33074992786229,153.0518635898259,156.1772996091865,159.74257642502445,163.78316411929617,168.3339674347334,173.4293319752755,179.10312472323392,185.3884747804002,192.31700916055138,199.91778894907551,208.21651590752197,217.2349779315473,226.99018698801845,237.49332330257255,248.74899356649706,260.7547327126404,273.50024534901706,286.9661556156396,301.1226252974739,315.92829925994334,331.32960416858634,347.26034648032305,363.6416204732353,380.38192827455,397.3778085601845,414.5156363508033,431.6744529278801,448.7289797182669,465.552549410978,482.01993683393744,498.0097192174497,513.4062641425514,528.102045031958,542.0003237210916,555.017017727921,567.0811128990449,578.1349718864199,588.1356388436498,597.0557855687202,604.8830645135372,611.6196016672375
39.70819341300012,155.46784551446333,154.7437721551345,154.2569310923744,154.03999038874167,154.12684926966492,154.55219364674207,155.35144016916965,156.56101350698938,158.21836325424124,160.3616765662227,163.02939303783845,166.2595125219572,170.08916114350055,174.554672445686,179.69173459345572,185.5351893541331,192.11831751142512,199.4718158676036,207.62303575664208,216.5954513238352,226.40781104385727,237.07308609178483,248.59772317495424,260.98113120977297,274.2148977624637,288.28150384690167,303.15289673970415,318.7893797091508,335.1388444567826,352.13629210863814,369.70365339093433,387.7498098433243,406.17111267021306,424.8530616250303,443.67300297391506,462.5030004744698,481.212612796867,499.67156016827,517.751910224402,535.3298818425499,552.287967425022,568.5174139340555,583.9198812304695,598.4076395157341,611.9036576620691,624.3426843775355,635.6719692391993,645.85039108969,654.848186376853,662.6496830470702
39.89571970199995,155.2091468931932,154.51425115179404,154.09461304009673,153.98559806132872,154.22335303094877,154.84476819818812,155.88777183168813,157.39136352006798,159.39534216163133,161.93983500595704,165.0646182963893,168.8086946122822,173.21038368240477,178.30747742033213,184.1370447175834,190.73472045554934,198.13368368464737,206.36389467543765,215.45155886744192,225.41827094623605,236.27995241077056,248.0460899757338,260.7192039205467,274.2940420233151,288.75626738583225,304.0809995184066,320.2316672879036,337.15919923580685,354.80149681577956,373.0832009065349,391.9156531870663,411.1973487265289,430.8155419589345,450.6488648939693,470.57011134080295,490.44892045713016,510.1543423411499,529.5569156475432,548.5303560687986,566.9535562978297,584.7129380103356,601.7039747585051,617.8312480288241,633.0083888279923,647.1590074626748,660.2172594178558,672.1268158677075,682.8404326184832,692.3227965195838,700.555166212083
40.080955094000274,154.82334634153733,154.47273818837786,154.40658762205817,154.66404968886548,155.28498495776157,156.31025214363572,157.78174131663212,159.74210340040838,162.23428205434396,165.3008382244876,168.98353220112023,173.3234196962608,178.36101243633425,184.13608855215602,190.6869869751644,198.04959053721564,206.25656722805547,215.33683738564548,225.31471979903338,236.20886983422977,248.03151667563117,260.78792854147787,274.47560125786737,289.0829382432076,304.58778101778086,320.95624858854626,338.1419109645579,356.08524210415254,374.7133624060591,393.9399720943786,413.66577162142283,433.78003104166356,454.16316700558036,474.6894809655388,495.22979174281494,515.6539450362245,535.8328297467792,555.6399998888854,574.9536026746781,593.6586533282414,611.648475593918,628.824670325522,645.0969647235755,660.3840451665799,674.6140219070622,687.7232946269492,699.6560132164186,710.3668134907208,719.8254786275438,728.020480325588
40.26529121900012,136.1574444105889,137.27303110091225,138.69058844727974,140.4428747987751,142.56512711003927,145.09498964874481,148.07214211055313,151.53773363442534,155.5336132827398,160.10182199461974,165.28460259588937,171.12447833887558,177.66398514808225,184.9448915980211,193.00711106859058,201.8878752178187,211.6211361770615,222.23665002876365,233.75885421420398,246.20604546308743,259.5897865708035,273.91403684872796,289.1737737192709,305.3534639745317,322.4258424426854,340.3510227067945,359.0758845674877,378.5337477587607,398.6442326768558,419.31360367552134,440.43625633626743,461.8972068509966,483.57473663857775,505.34292492289813,527.0740514889414,548.6404991943447,569.9162547868251,590.7787084813378,611.1107928195942,630.8022798525354,649.7495992320655,667.8555301150179,685.0298703114967,701.1897315992976,716.258231029875,730.1637736165225,742.8426073574653,754.2433028427671,764.3304604036069,773.0873889595255
40.44925272799992,133.42980135390505,134.94366633319245,136.7931060201971,139.01273333456015,141.63990646414422,144.71434797639412,148.27756982078589,152.37209478326375,157.04093936789084,162.3276146271658,168.2761953243107,174.93104248655516,182.33601323248024,190.5333621502812,199.562903173866,209.46139914562485,220.26163138744542,231.9912616677709,244.67199287714274,258.3189564402772,272.93982097554147,288.53338934408896,305.0880422651729,322.5804858888097,340.97482760949947,360.22192444632094,380.2590131306403,401.00952229512615,422.38336195690573,444.27835135333316,466.58264293291313,489.1772953089495,511.9387276163565,534.7410372346361,557.457810241738,579.9635229851478,602.1352351172422,623.8546145771361,645.0091135955013,665.4916584313695,685.2002059646516,704.0382709071903,721.9150730071617,738.7440746609566,754.442105061125,768.9317527344293,782.1456797983491,794.0301621670983,804.547896503359,813.6809700273004
40.634155628999906,151.68637998492613,152.32548204195146,153.34175546572015,154.78227045693365,156.69513396773237,159.12902419947534,162.13251928650743,165.75368447258705,170.04017373587746,175.03939577363084,180.79832901747665,187.3628192493769,194.77656384867373,203.08035142916066,212.31152391781148,222.50311330312945,233.68276538418047,245.8719568066809,259.0854334130579,273.3303644359395,288.60497971093116,304.8970481295804,322.18265477515,340.4253010801929,359.57527238762907,379.5692821117881,400.3302929453943,421.7678103533702,443.7793094548895,466.25265313372955,489.0686542166271,512.1035141873908,535.2311204232557,558.3248313392992,581.2588478478833,603.9098715026348,626.1590898363124,647.8933080040329,669.004589487408,689.3897590455161,708.9508717578979,727.595297641919,745.2341923966931,761.7815505765204,777.1565232647804,791.2876538425635,804.1163364050507,815.5995380070146,825.7127276045617,834.4522921115314
40.8182573439999,150.6673581208479,151.67643683762807,153.1269630165452,155.06395686407456,157.53316246224594,160.5803743538113,164.25102157737882,168.59026536632066,173.64316066687624,179.4544663773941,186.067938096953,193.5253076195382,201.8655181264753,211.12418231097112,221.33271583379397,232.5172586014349,244.697890302905,257.88806837160087,272.0937830310703,287.312196719801,303.53012622500694,320.72282506670183,338.85309055897505,357.87064000685143,377.71176530000093,398.2991664013901,419.5422590102167,441.33861752423155,463.57641114906284,486.1369859842235,508.8973255242659,531.7323715111804,554.5168344503509,577.1265920982232,599.4403761647458,621.3417875833323,642.7204592704458,663.4717289054317,683.4961746531952,702.7001173702021,720.9957384270546,738.299583303284,754.5316468102728,769.6177215126687,783.4936623855342,796.1088716439081,807.4290442478814,817.4391162076855,826.1454406504795,833.575647694837
41.002229395000086,145.89929642051436,147.72287659791962,150.02390281323935,152.84605723126037,156.23353969532965,160.23061915356473,164.88169990271058,170.23145291394422,176.3245972140601,183.20516514716797,190.9154557580451,199.49524522542652,208.98122152770313,219.40609566401093,230.79750182351174,243.17719282005095,256.56045882118576,270.9552638763763,286.3608673706105,302.7662885514944,320.149071477738,338.47437461281135,357.69432931086203,377.7476762383367,398.55958000670313,420.04191706973194,442.0946977831319,464.6084802472603,487.4669285380497,510.5492475445122,533.7324761354621,556.8932677633537,579.9092566205819,602.6607094128874,625.0325029415892,646.9152462763476,668.2049099328241,688.8023148894556,708.6135849273912,727.5502114066605,745.5275006549257,762.4635998912248,778.281783372558,792.9146519745312,806.3075503789357,818.4212426758294,829.2347888835753,838.7476478084433,846.9794801996147,853.968288877912
41.1860460339999,152.07947873700087,154.0311215777057,156.49160682347906,159.51074726994528,163.13808755168938,167.42300425000627,172.4148712260207,178.16287469060728,184.71531139919915,192.11857379744444,200.41639064964326,209.64928995199162,219.85373608630118,231.06105325021292,243.29664113245244,256.5794105194923,270.9209329999348,286.3240715570093,302.78144986273804,320.2742172877899,338.77113351702707,358.2279166842171,378.5868637363632,399.77664297165956,421.7125534762444,444.29791203442596,467.426424817795,490.984696154147,514.854606305354,538.9155397072066,563.0460925343895,587.1253574921235,611.0344857229886,634.6585658897541,657.8876391385813,680.616212342312,702.7426225160148,724.1693560301409,744.8029719705339,764.5524001650141,783.3278102625854,801.0427341508353,817.6180956690405,832.9854526998571,847.0894935365499,859.8907313141605,871.3674234232572,881.5151915880251,890.3453111431653,897.8842222580499
41.37098301800006,138.82624145617265,142.3453300292965,146.41288214308432,151.06973982916853,156.35779079174412,162.32003875499333,169.00032593856935,176.44254164338392,184.68952127265564,193.78220473226608,203.75902134563597,214.65495350064774,226.500391262371,239.32028406055665,253.1335172277267,267.9520075986027,283.7792849661276,300.6089171779424,318.4232358276349,337.19238634515864,356.87364629201824,377.41102044473763,398.7350124673867,420.76286774116164,443.3999477565094,466.5420931935644,490.07812780288185,513.8922348181787,537.8661871486514,561.8810600006881,585.8185236091053,609.5624157364988,633.0006337623671,656.0261648169936,678.536616099011,700.4335979952369,721.6230633401765,742.015251860397,761.5230100015297,780.0606821821093,797.5462553961247,813.9054107341811,829.0747864926071,843.004494325969,855.6608317600359,867.0282174808015,877.108824544955,885.920879475135,893.4979478834555,899.8889850456625
41.55871396900011,138.12531645867358,142.34319304961411,147.1649188984271,152.62874210416186,158.77438786406375,165.64276482449353,173.27515682005964,181.712104598347,190.9925467163533,201.15318695713958,212.22754067035416,224.2447724309712,237.2288312618417,251.19781131012505,266.1630322817151,282.12760650288214,299.08485044894974,317.0169977336118,335.89423738715067,355.6740212387738,376.3006489830519,397.70503071556243,419.80492147884644,442.5062881869175,465.70566600724374,489.2926562564335,513.1522974773064,537.1672908731618,561.219708670083,585.1922830016456,608.9699748824721,632.4418629941281,655.5021706344809,678.0497928602102,699.9876763267339,721.223155043844,741.6678909686848,761.236189506105,779.8438858291061,797.4104838063807,813.8632009690706,829.1402240459121,843.1932163803156,855.9900204034382,867.5165814356377,877.7765678191769,886.7896552047476,894.5907954975332,901.2300982781437,906.7714521222438
41.74307038500001,154.10886723068703,157.89430797974796,162.3342071308632,167.47702596524553,173.37150951871303,180.06597081891167,187.60726246628795,196.0400040898658,205.4060324378539,215.74352597685302,227.08591591507283,239.46108945995843,252.89081280205866,267.3898677616925,282.9646686250041,299.61171668633256,317.31634918275114,336.05180615246167,355.77855874354424,376.4439072695574,397.9817485169031,420.3128065669899,443.3459872250405,466.980712860112,491.1093894414189,515.6197371727163,540.3969656427198,565.3254218164087,590.289808232102,615.1766707633833,639.8761954906713,664.2831328910582,688.2962112783158,711.8173919537826,734.7520693076403,757.0088648897341,778.4977857063611,799.1289429445648,818.814513316719,837.4725969957877,855.0302773575785,871.425924696856,886.6116881289737,900.5552031900809,913.2389916019724,924.6585227298277,934.8212592070272,943.7463167942066,951.4633198729193,958.011880356031
41.927829373999884,159.96170203655248,164.34901544537234,169.42445837762847,175.23895609885415,181.84282211967675,189.28473709078847,197.61098456313002,206.86491020365403,217.08605618593714,228.3090825308718,240.56298108108342,253.8705094866207,268.24733903567795,283.7006827646144,300.2277612813102,317.8145629132281,336.43492164473906,356.0498563094097,376.60717927824265,398.04127409757734,420.2733362917904,443.2127373771052,466.7593688469817,490.80611787062657,515.2412060625417,539.9503721961491,564.8185271395636,589.7309783290723,614.5749230868969,639.2412502717584,663.6254684103268,687.6271221761932,711.1490496067445,734.0975832217573,756.3823439816337,777.9143982548404,798.6049739036034,818.36741758267,837.1210471183057,854.7942040757695,871.3265485697095,886.6715404130433,900.79813399844,913.690163257695,925.3443861057987,935.7695107231713,944.9858336247966,953.0240708022997,959.9246938639567,965.7385959639163
42.11212337500001,164.58194663732564,169.65196582829824,175.4538352370411,182.03883220737387,189.45658161450086,197.75429332873563,206.97622362608655,217.16281217909457,228.3496063187129,240.56647816762998,253.83706194027434,268.1779051615933,283.5971001575439,300.0927531700416,317.6517476261603,336.24882494399026,355.84592625783233,376.3918032195749,397.8217972444593,420.0580813293218,443.0110244008772,466.5815348639845,490.66353499909894,515.1462974727206,539.9166247381339,564.8604995073343,589.8643035114142,614.8163037569944,639.6084456680715,664.1372711627029,688.3033234337983,712.0103907292466,735.1656922033549,757.679654690241,779.4640504874353,800.4306921850078,820.4933665706488,839.5716614248098,857.5939902745741,874.4998571369915,890.2423053421678,904.7895778461806,918.1244654192747,930.2423121837232,941.1500009532203,950.865548455353,959.4168918942054,966.8411789912568,973.1853518306209,978.5062790204165
42.29947512800027,173.77400507649477,179.19101522120144,185.39207691203373,192.43066992617042,200.35754830706074,209.22023672047249,219.0622016328528,229.9218086985583,241.83157167454394,254.81761989530324,268.89887781414166,284.0857227313646,300.3784778408084,317.7661969118144,336.22576378277233,355.72124984707466,376.20353748921303,397.6101086413764,419.86529239090436,442.88163139768216,466.56222359167134,490.80319059857834,515.4960039550006,540.5296496871634,565.7922592312174,591.1723037110752,616.5600505835388,641.8493218479819,666.9383716863877,691.729245131112,716.1269698991824,740.0396843284468,763.3783501541201,786.0548201318306,807.9804564962022,829.0679822814833,849.2352193638571,868.4080183967137,886.5224228375299,903.527011398631,919.384446657275,934.070706629105,947.5729693014919,959.8884732150935,971.0239849371278,980.9944557823833,989.8221809678897,997.5372527358451,1004.17778904837,1009.7899003323095
42.48485126800006,161.37454853196977,168.52854191881875,176.525263997241,185.40702399269156,195.2143747302218,205.9851957144165,217.75356330037832,230.54891379573525,244.3954269276221,259.31112346957667,275.306443333256,292.38266134376937,310.53059701350656,329.7296414059368,349.9470441100757,371.13746805444976,393.24271103979623,416.19188757388036,439.90273037091634,464.28386754566503,489.23722647260297,514.6602948624017,540.448219095239,566.4953672348852,592.6964531722464,618.9479203338539,645.1496235778687,671.2056265750443,697.0234757170948,722.5133021572526,747.5878544130624,772.1621098018022,796.151234292426,819.4690863962129,842.0299468211401,863.7521275240927,884.5607651939224,904.3898413249419,923.1843732859013,940.9018043178361,957.5110696019522,972.990308885038,987.3255494108507,1000.509990846133,1012.5424756038888,1023.4264590147598,1033.1702723815135,1041.787162273576,1049.295481472326,1055.720633454313
42.669081603999985,165.32821439210687,173.4028088850387,182.35434101182193,192.22467635669162,203.0532901734967,214.8761316504814,227.7247815740148,241.62583065204817,256.5999720939026,272.66057452827096,289.8120922310049,308.048768706626,327.3536564209086,347.6978953885032,369.04025800577483,391.3268586483076,414.4913212364756,438.45606373251724,463.1345551824037,488.4336958399815,514.2560504784591,540.501914469561,567.0708395856547,593.862715498462,620.7791049318125,647.7248706139834,674.6089108555674,701.3433643344583,727.8426352482493,754.0233408424132,779.8038291929129,805.1020364732294,829.8338790206169,853.9148616752575,877.2635558414935,899.8042521968628,921.4688301910126,942.1987888248548,961.946466845417,980.6739298312166,998.3504951366059,1014.9512190883443,1030.4559789490613,1044.847734075537,1058.1112819659627,1070.2333037118722,1081.2021839494412,1091.007982735827,1099.6446612704246,1107.1144986165123
42.852945742999964,182.81518908605787,191.06818499860057,200.24151318281534,210.38060616549882,221.52662770902765,233.7156940826922,246.9783148491073,261.3385463394286,276.8126235335564,293.40742700274586,311.11924069051514,329.93282310201636,349.8207344145131,370.74292673891495,392.64649591821046,415.46588795500486,439.12421893891616,463.53556400935787,488.6073658250618,514.2426925879769,540.3423251504967,566.8063001137285,593.5350048446629,620.4305223241774,647.398263924886,674.3477068963299,701.1915970882076,727.8449680184247,754.2250782383915,780.2509148164114,805.8410321104279,830.911921086622,855.379590601346,879.1630140436118,902.1867462186439,924.3827525790063,945.6923952710741,966.0676041264117,985.4697100878323,1003.8669120789413,1021.2327017811311,1037.5448789391492,1052.7837417711344,1066.930768372941,1079.968583882309,1091.8806988085853,1102.6513963330158,1112.2678709547483,1120.724666138457,1128.0280796030536
43.03782276999982,184.54405032364053,194.19993635395727,204.80770879297896,216.405786800538,229.02805885852607,242.70328180041037,257.45419425312645,273.2961103716842,290.23535064769055,308.2679656546205,327.3787753534409,347.54066649431604,368.71415534003046,390.8471140680052,413.8749538920499,437.72192370379463,462.3033796809383,487.5281762296671,513.3009081910659,539.5239837104818,566.0991545368478,592.928599529729,619.9162591277408,646.9694587119355,673.9996374700967,700.921543115794,727.6522433876845,754.1110560964629,780.2190453522761,805.8968529535207,831.0630600015261,855.6357599656685,879.5359964029717,902.6903700200818,925.0328569928874,946.5067828226105,967.065979672302,986.6736044923487,1005.2995887683416,1022.9190441869848,1039.5112566816147,1055.0578532841996,1069.541457537108,1082.9456281083628,1095.2545659113391,1106.4529674489274,1116.528126694941,1125.4743331321133,1133.2972172164243,1140.0159138151205
43.22205439900017,176.97231950484448,188.8430512800678,201.66605900318888,215.46962080669667,230.27825008129656,246.11169972785711,262.9834510778016,280.8990445444753,299.8547080426769,319.8363058766042,340.81855061971027,362.7644851193584,385.62513281782003,409.3396092003203,433.8363528815907,459.03533143817964,484.85037196886316,511.1913458887625,537.9661868983192,565.0823684080702,592.4479356877744,619.9727899660927,647.5702618735315,675.1577902849283,702.6560663615761,729.9879931652459,757.0785620635572,783.854293021649,810.2410072382941,836.1621266884695,861.5401813201969,886.3001766644963,910.3721261387731,933.692789595495,956.2075620826644,977.8715405061923,998.6482453153424,1018.5069679319452,1037.4210681901388,1055.3668543124875,1072.3216300168476,1088.2622247885492,1103.1648023677383,1117.0044332953842,1129.7548099289763,1141.39020709255,1151.8897370059033,1161.2415509749346,1169.4451549622813,1176.5125576715666
43.409648021000066,187.27886803450903,200.07573555036043,213.8507718330926,228.62961746998067,244.43330252073721,261.2767381367111,279.16704990223093,298.10220880275585,318.0699823731821,339.0471483882884,360.9989780518878,383.87888668493946,407.6285445169644,432.1791058707683,457.4534116112442,483.3683145892807,509.83685732055636,536.770280560517,564.0794887632737,591.6760673872946,619.4735489570705,647.3889649464783,675.3434992048667,703.2616023844412,731.069917395797,758.6971167645078,786.0732986392215,813.1277095705864,839.7869882939896,865.9766109493213,891.6241902016064,916.6619322731809,941.0282932013355,964.66977808869,987.5419108834867,1009.6078517126605,1030.8356324536803,1051.1963348504582,1070.6628438213363,1089.2077607703359,1106.8017932594241,1123.4134165335865,1139.0082933158965,1153.5488310026262,1166.9959803015038,1179.313325010456,1190.4711166602153,1200.44842258562,1209.2344607584043,1216.8309000040338
43.59506541000019,201.62177140145053,215.3852468639925,230.13375295290658,245.8907469907927,262.6734288672996,280.4910785980483,299.3436928187779,319.2209425683072,340.1013945344151,361.95200254259464,384.72776712189807,408.371855595996,432.816840842236,457.98691345039805,483.8002168803683,510.17103473307685,537.0118086760448,564.2346128959197,591.7521799292551,619.4791746720012,647.3337535268455,675.238224304234,703.1181662311841,730.9013599904004,758.5176285578839,785.8982354839691,812.9736086304748,839.6715834889935,865.9188464041623,891.6442300550335,916.7811650933269,941.2693291397627,965.056436792693,988.0991980735321,1010.3619222203691,1031.813737406555,1052.4267505838866,1072.174779997731,1091.0312450912998,1108.96753007149,1125.9526165535374,1141.952471640355,1156.9295705211796,1170.8446576060467,1183.6607958888926,1195.3473582836382,1205.8821295483124,1215.2525922135092,1223.4581752587596,1230.5126679242294
43.77891300700003,206.75940984175733,221.969411495542,238.16574237004284,255.36598526014458,273.5805194237056,292.8111183590182,313.049870754345,334.2783666208032,356.4671551663057,379.5753719663754,403.5508275485267,428.3312151515549,453.8462919629126,480.02018296068155,506.7735359604765,534.0255058562326,561.6951933394956,589.702632328485,617.9700222585279,646.4232415188314,674.99245695585,703.6111880846398,732.2151752055596,760.7421514621067,789.1311647509574,817.3202167679561,845.2444125981767,872.8373004769081,900.0340534063139,926.773795896415,953.0011164502681,978.6677089266334,1003.7331697567678,1028.1634275657188,1051.9277755156938,1074.9968304298518,1097.3410512378714,1118.9284016084068,1139.7224733624362,1159.6818666010681,1178.7593136369421,1196.900926787388,1214.0476752841255,1230.139142520647,1245.1172192263261,1258.9279033703076,1271.522282770282,1282.8584821072,1292.904515123103,1301.6418836991286
43.96300568100014,198.3827290439637,216.68389964926482,235.88678428911854,255.99740153488418,277.0149728892479,298.93066827825106,321.72662675460253,345.3752590627191,369.83872957766033,395.06890956899974,421.0084592767748,447.5928927324905,474.75277399713724,502.4157728884612,530.5085575947849,558.9581488140069,587.6928289572435,616.6433018389445,645.7441383780107,674.9343224458064,704.1562547004864,733.3545627913411,762.4758171492466,791.4677974539319,820.2770762460476,848.8471122861737,877.1195324965673,905.0372533995345,932.5467445757802,959.5994740484991,986.1534780494571,1012.1740815099786,1037.632245243469,1062.501509610409,1086.7558582622964,1110.3681341170231,1133.3075921237698,1155.5379051957607,1177.0164191303109,1197.693143603588,1217.509859420559,1236.4014475335184,1254.2994914582891,1271.135809248072,1286.8440865762493,1301.3606878436829,1314.626428159621,1326.5892483448572,1337.2080008743883,1346.4575655404249
44.14786245999994,182.2274073351314,203.56928130809416,225.78299687205626,248.8553698495363,272.7679645504343,297.4959246472151,323.0070911526716,349.2613056687461,376.2101912888792,403.79806886409335,431.9638625964474,460.64314348542035,489.77003839075996,519.2789816522451,549.1059333136033,579.1891567771988,609.47025048964,639.8954682645267,670.4161413752042,700.9875591808465,731.5676555319177,762.116598983349,792.5959306798122,822.9660151278555,853.1839951888879,883.2049288580973,912.9847574827678,942.482406706743,971.6610588482307,1000.4895380217916,1028.9428332712391,1057.0002346902709,1084.642051436652,1111.847234475589,1138.5915355891516,1164.8447867617613,1190.568616063383,1215.7153958098459,1240.2269102912755,1264.0331237246085,1287.0531547209662,1309.1985100075929,1330.3762350409884,1350.490154939288,1369.4412849615142,1387.1291961664133,1403.4542816916487,1418.3211354086666,1431.6442905338324,1443.3560721170224
44.33191946800025,187.83166918027274,211.14492628140673,235.28190167608906,260.21921679420495,285.92833116621375,312.37456568325626,339.51631510861387,367.30474246055053,395.68461311472856,424.59612263623785,453.9768668292382,483.7636816534189,513.8943297634315,544.3086574706906,574.9493146487943,605.7627318255227,636.7003886639794,667.7191865206955,698.7802813624028,729.8477237739511,760.8880035446094,791.869142132843,822.7580976410927,853.518673036592,884.1126045749094,914.5024794652044,944.6537834478796,974.5361163788965,1004.1245165267644,1033.3999182574921,1062.3472175119248,1090.9519134340242,1119.1976484701734,1147.0642779996015,1174.525053175657,1201.5442327240448,1228.0759191656653,1254.0626065166177,1279.4338199666859,1304.1069537672977,1327.9903601156434,1350.9863468379622,1372.992257599239,1393.9007143130736,1413.6008079923974,1431.9801842671181,1448.9282363028233,1464.3416538901415,1478.1324486514204,1490.2363289919056
44.516091765000056,187.6411317616496,213.1946926510038,239.52286680029061,266.5890327034994,294.35234824479977,322.76683783353934,351.7809650288607,381.33834891245476,411.37947847491114,441.84357361506136,472.67032037939845,503.80145705218536,535.1818346363814,566.7600438829664,598.4893026524911,630.3286372654512,662.2431699048406,694.2028676577164,726.181099170894,758.1540955959686,790.0999582647828,821.995976828752,853.8164476687133,885.5336685794547,917.1207578005685,948.5535970908907,979.8119359704665,1010.8805968785467,1041.749804988568,1072.413116184454,1102.863910702844,1133.0927739662734,1163.0853949450006,1192.8195650922146,1222.2625930670783,1251.3699303019364,1280.0834941935823,1308.3300693053905,1336.021892875742,1363.0594776848911,1389.3343305731348,1414.7297410763745,1439.1207208664953,1462.3748815526678,1484.3541987148335,1504.9178769073696,1523.9275667947388,1541.2550571765867,1556.7910943072995,1570.4535342906952
44.704671569999846,189.63008560669076,217.48128610434006,246.0616039968727,275.3169103333289,305.18984453624086,335.61924939630364,366.5407528398484,397.8883516316835,429.5961463587267,461.59995592851783,493.83878867286126,526.2557939601438,558.7987867317394,591.4210389086437,624.0823714012214,656.7493587845464,689.3940021564254,721.9922160222554,754.5232256967988,786.968517431188,819.3091047239835,851.5233003119084,883.587669501739,915.4798125450016,947.1802753592634,978.673625306429,1009.9496313459633,1041.0035718590273,1071.834143190837,1102.439935948829,1132.816800106459,1162.9557287685757,1192.8398431562975,1222.4417935353224,1251.7223706511127,1280.6288139568771,1309.0931965274306,1337.032992462295,1364.3538793413181,1390.9524335416872,1416.7168924052455,1441.5270634753267,1465.2551679024489,1487.7675654476266,1508.9275753962688,1528.6006441405323,1546.6619818088686,1563.005319998867,1577.5509555679698,1590.2512148174103
44.889118693,210.76742516215913,239.04282155097994,268.0480273104072,297.7224480510116,328.0023634553876,358.8215275464733,390.1127663197482,421.8097222576066,453.84847406797087,486.1690087795669,518.7161700733075,551.4401751747191,584.2973940970181,617.25142474583,650.2732756619394,683.3400115704234,716.4332071710091,749.538305192376,782.6435203964146,815.7370524176699,848.8047963130142,881.8312258204447,914.8020963297836,947.7062661404309,980.5366719655646,1013.2913972356322,1045.973855727306,1078.5905628010455,1111.1474605378799,1143.6471171082026,1176.086429555451,1208.4534119388798,1240.7243830217712,1272.862347625329,1304.8150576051246,1336.5131321496074,1367.8703431688427,1398.7861184844433,1429.1479209862425,1458.8316783379819,1487.7013443105193,1515.6093799978719,1542.3981038296727,1567.9021265401275,1591.9531240954218,1614.3870736349766,1635.0526076283122,1653.8186548537367,1670.5804385078359,1685.2646940597494
45.07668202500008,217.92666282083982,247.94751266201226,278.66241830242984,309.9950702013456,341.8683975334901,374.2060688399601,406.9341393519677,439.9825741819867,473.28662522176154,506.78768619714526,540.4337186474911,574.1799429428744,607.9898280631005,641.8351920252891,675.6947681441422,709.5525824884447,743.3972384055475,777.2207495762532,811.0156841959442,844.7728088084045,878.4819063897916,912.1344152374587,945.7251867501147,979.2533975354214,1012.7235538458541,1046.1456102941418,1079.532674539693,1112.8972636340225,1146.2484317507149,1179.5893978772801,1212.9142548159841,1246.2050730982621,1279.4301933739466,1312.5421927036937,1345.4759039644048,1378.148593693677,1410.4623506990356,1442.3063432792076,1473.5571193989451,1504.0780307439863,1533.7195688603854,1562.3205623542528,1589.7104515014553,1615.7138935997991,1640.157824605636,1662.879632914643,1683.7346147385488,1702.6017824365713,1719.3891732715688,1734.039445066262
45.2621367050001,234.04865484928055,265.26439741956057,297.13279280838617,329.5673021446195,362.48331578153085,395.799749038854,429.4405121705035,463.33583306103696,497.42305766401034,531.6470214176994,565.960686128811,600.3260763401186,634.7143272804298,669.1041997171716,703.4804071407528,737.8328511522369,772.1554064553643,806.4430179307759,840.6892981487368,874.8872996998851,909.0321086372835,943.1225568156024,977.1620882278579,1011.1597169740655,1045.130098420117,1079.0911848230699,1113.060430677847,1147.0518670646413,1181.0736731196441,1215.1248255179337,1249.1921391165745,1283.2484918698478,1317.2507190088047,1351.1375552781242,1384.8297301655768,1418.2322680923687,1451.2366510950462,1483.7210180730178,1515.5494813186995,1546.5723483921738,1576.627198251268,1605.5410280092362,1633.1347237742116,1659.2299813448235,1683.6573329774726,1706.263450169072,1726.9167944559613,1745.5127645049222,1761.9793005795361,1776.2812485117277
45.44970845299986,250.43863380188614,282.79450690852445,315.75963028794104,349.2391150293698,383.1428742457899,417.38704128150135,451.8952383827755,486.599321567366,521.4396955426009,556.3658936736606,591.337457430892,626.3239277346719,661.3033037506597,696.260314714822,731.1856007328518,766.0744439560895,800.9238125459041,835.7299056549658,870.4888736200108,905.199359422276,939.8641589169894,974.4910346053858,1009.0936202189764,1043.6914372769634,1078.307494467743,1112.9644346614962,1147.68154836764,1182.4722812821435,1217.34081632948,1252.279042862712,1287.2647056548453,1322.25921820726,1357.2055187212852,1392.0280732482695,1426.6350776014426,1460.9205152188047,1494.7642447622773,1528.0311979436672,1560.5714754855824,1592.2212900581542,1622.8049725890733,1652.1392955341214,1680.0402391363184,1706.330857277243,1730.848413401045,1753.449859212069,1774.0168053011703,1792.4609458579253,1808.7284434442943,1822.8021416768486
45.633891418000076,330.777628401431,359.3696584925297,388.643624457913,418.52487089845675,448.9413053495439,479.82503888780144,511.11348505233065,542.7500101277,574.6848292601562,606.876182547028,639.2906034409668,671.9016351295453,704.6883407361566,737.6347036884214,770.728560170723,803.9588266799077,837.3132115935765,870.7790856834303,904.346158409126,938.0082583007681,971.7642530251751,1005.6190472310969,1039.5836801536136,1073.672994633204,1107.9018431387199,1142.2821503614514,1176.8204607444004,1211.5145520317476,1246.3504281396047,1281.3004845732048,1316.3213314605619,1351.3516530435593,1386.31220858644,1421.1080266790107,1455.6304504673983,1489.757207891454,1523.3515876646538,1556.2625091029454,1588.325434796748,1619.36434263441,1649.1960108353524,1677.6367420554761,1704.5101831698119,1729.654411185207,1752.9273579313767,1774.2117226125597,1793.4203342889175,1810.500470165309,1825.4358180217046,1838.2463711613339
45.819119811999826,371.28034914413286,398.6057537977582,426.67365793246245,455.4114212647601,484.74984624651466,514.6244324902596,544.9761702350506,575.7525674949005,606.908945243724,638.4088132236039,670.2226823022304,702.3266595010101,734.7019223169126,767.333714524981,800.2086267374439,833.3123508664476,866.6305836362661,900.1517261656386,933.8686780822948,967.7797618853263,1001.8897157363958,1036.2097767107273,1070.7553261794515,1105.5420628953132,1140.5830233005877,1175.886077344911,1211.450480797459,1247.2637972346624,1283.299982795026,1319.5171186303976,1355.8551697543255,1392.235875115919,1428.5648207630638,1464.7333535427138,1500.6185093718304,1536.0820368210452,1570.9703041886335,1605.115039209156,1638.3351181493051,1670.4406583034954,1701.2395404331007,1730.5450183804444,1758.1825870999303,1783.9951827271166,1807.8478649434603,1829.632945105114,1849.2740676576636,1866.7279350819622,1881.984291043512,1895.0655084430332
46.00659189699991,415.20047781909943,441.4489908315337,468.427553598303,496.07641735376967,524.3393219860249,553.1644455731372,582.5055804391259,612.3235694111042,642.5868142759505,673.2702118448984,704.3538632888173,735.8226529558207,767.6653384834408,799.8719151336833,832.4314431687277,865.333013094482,898.5684954778806,932.1343734833971,966.032693521384,1000.2720718561793,1034.867778859457,1069.8393722212368,1105.2068443176433,1140.9876028687327,1177.1939127783357,1213.8293797380807,1250.885788372991,1288.3410876213125,1326.1570078916477,1364.2766883336456,1402.6244187188356,1441.1075475083992,1479.618213327033,1518.0330737217228,1556.2121118834177,1593.9983095542698,1631.2181354391143,1667.6830661989507,1703.193394538359,1737.5444516291213,1770.533902024792,1801.9682834852583,1831.6678667908386,1859.4709875748272,1885.2388157578835,1908.8590725973881,1930.2473884974595,1949.3469195955413,1966.1282681369587,1980.5919227093118
46.1955691080002,468.23736582985373,493.0443646592823,518.5988487352986,544.8512034139368,571.7541628021349,599.2641717779634,627.3430001157102,655.9584204603179,685.0833054658847,714.694489811795,744.7724934884915,775.3007484609035,806.2630920356676,837.6417162370774,869.4182485835495,901.5766116011333,934.1049599055294,966.9967309763636,1000.2517482382437,1033.8763989267838,1067.881358861888,1102.2778301457183,1137.0746117369304,1172.2756316029397,1207.8765218253627,1243.861550203784,1280.2017017845249,1316.8523955490944,1353.751215238811,1390.8177593918244,1427.9556626787428,1465.0544461851912,1501.9893708584993,1538.6203750331265,1574.7918843807556,1610.3334436015366,1645.0613867939005,1678.7828007231317,1711.3019077739812,1742.4275261055168,1771.9797785962742,1799.7951246186199,1825.7308654052952,1849.6700870844595,1871.525549632119,1891.2412128502533,1908.792015060197,1924.183946891897,1937.4557941110902,1948.6796377634932
46.37984440299988,517.3322719769247,540.4118871871437,564.2973497083775,588.9489668467588,614.3289506332043,640.4032401538404,667.1423765699059,694.5207857466424,722.5158139397938,751.1076127798513,780.2785156072097,810.0106685115433,840.2841054757014,871.0779431666894,902.3733429048189,934.1555388702484,966.414968922132,999.1484469116216,1032.3593992414683,1066.0556380704802,1100.2456374521892,1134.9356326227025,1170.1271713907904,1205.8136992418563,1241.9774919208862,1278.5877291234756,1315.5981947144487,1352.944982618488,1390.546313611572,1428.3045152389209,1466.1078226372708,1503.8301746020095,1541.3300859355074,1578.4503845480313,1615.0187627629057,1650.8493599150227,1685.7466306384715,1719.5116258362123,1751.9493440984324,1782.8753254563724,1812.1205618695456,1839.5358756393084,1864.9967303372541,1888.4069831033753,1909.7002701344775,1928.8396418833024,1945.817491311578,1960.6571502465874,1973.4132954732818,1984.168847404103
46.56369979300007,564.414759541928,585.3966794829014,607.3302655948305,630.177536187961,653.9025259551424,678.4723956069683,703.8569322003198,730.0277859118769,756.9585399169788,784.6242559458857,812.9992594711515,842.0553545926149,871.7631448802866,902.0951084624617,933.027727201344,964.5427071307834,996.6282298436796,1029.2792583866944,1062.4953708566616,1096.2770887689483,1130.6230211727948,1165.5274542010043,1200.9769683700424,1236.947398066575,1273.4019274839923,1310.2888090238623,1347.539083861072,1385.066410412982,1422.7690534056348,1460.5316917368843,1498.2252198528643,1535.7056240031927,1572.8137221280203,1609.3757170626009,1645.204780334518,1680.1049210872113,1713.8772672123093,1746.3274164986624,1777.2720296777347,1806.5437397078338,1833.9955283864135,1859.5055347270486,1882.980803756181,1904.3586673025366,1923.6063730046903,1940.7210045380766,1955.7310677227501,1968.6968837100376,1979.7071359398583,1988.8739730205639
46.74875169200004,595.0838812105271,616.758468604327,639.3032439484787,662.6896928379844,686.8915835217908,711.8844982739998,737.6451039736006,764.1512580149041,791.3815916545243,819.313334351075,847.9205688317431,877.175592875248,907.0520358856215,937.5270299402953,968.5824723785465,1000.2063195556964,1032.392935301028,1065.1409672926982,1098.4497184734018,1132.3163345659816,1166.7334374871818,1201.68578710908,1237.1472859562678,1273.0791212688293,1309.4275306228135,1346.1215709896844,1383.0729971594053,1420.1783024016195,1457.3205797386756,1494.3693787084867,1531.1796391268965,1567.591490724542,1603.4308684380226,1638.51116069136,1672.6371452232156,1705.6113395191924,1737.2414235827289,1767.3469067922597,1795.7641129908898,1822.3506346305246,1846.9902200616941,1869.5966021935733,1890.1149595739805,1908.5216254918244,1924.8240873729846,1939.062650285944,1951.3109047883527,1961.672344710243,1970.2750033486711,1977.2657134362028
46.93263433199991,636.6563597235915,658.2869087421669,680.7323893479219,703.9768680195963,728.0045552842295,752.7991645529368,778.3441070843295,804.6221645247936,831.6134020633855,859.2935115470692,887.6352602791445,916.6116934222661,946.1983896420895,976.3748071077804,1007.1256596147612,1038.4413465897155,1070.3159104876063,1102.743489067816,1135.7155840312973,1169.2187762914677,1203.2314708472252,1237.7209864016988,1272.6417847413074,1307.933326672435,1343.5179350157969,1379.300771206329,1415.1719789920883,1451.0086542116878,1486.674816111185,1522.0204622601348,1556.881496448279,1591.080479794398,1624.4284227883359,1656.7288731274257,1687.7844266197928,1717.4043189945216,1745.4112703512765,1771.6466562433427,1795.9751559101123,1818.289841273478,1838.516214257071,1856.6138826051078,1872.5764887035727,1886.4319323284208,1898.2442595239645,1908.1143559420298,1916.1767880287632,1922.594657996019,1927.553137486018,1931.2506291726559
47.11661096800026,687.3377744160484,707.8614330817323,729.2005598944893,751.3539526284655,774.3175748117487,798.0849236806749,822.6468718009625,847.9897444516463,874.0938213607254,900.9349379283456,928.4878334270293,956.7285455241346,985.6358880794744,1015.1929519348689,1045.387652509537,1076.2107978559272,1107.652644887987,1139.700265558448,1172.3353536127122,1205.531055293665,1239.2491395896088,1273.4383035231083,1308.0320997884437,1342.9468677682382,1378.0817750210267,1413.3210232843112,1448.5358785247727,1483.5847010439875,1518.3120582364836,1552.5487099029417,1586.1124168502358,1618.809790972997,1650.4404421197398,1680.8035494206053,1709.7055152785479,1736.96687407006,1762.42752980879,1785.9514734873906,1807.4319438451253,1826.7955391805754,1844.0039703673172,1859.054069470201,1871.9780946884675,1882.845703529709,1891.7647321377578,1898.8781236377981,1904.3588707879776,1908.4036370664824,1911.2234836473776,1913.033310756095
47.30071606000001,687.9751351164814,710.6271161216548,734.098419143667,758.3723148757126,783.4312059203864,809.2563475942886,835.825806161539,863.1128439811746,891.0874074744319,919.7193660564709,948.9808019280938,978.8473881361869,1009.2997949905464,1040.3241489462025,1071.910017834085,1104.0468903215244,1136.7214714975626,1169.915425285064,1203.6021470909059,1237.7438822918887,1272.2899860334842,1307.1748116071062,1342.3156083773526,1377.6125362783773,1412.950850840928,1448.2029181907958,1483.2282359301398,1517.8725423970775,1551.9678041011932,1585.333031958136,1617.776144405892,1649.0981325894118,1679.0996551688127,1707.5887208239888,1734.387630363401,1759.3382525401144,1782.306784125081,1803.188957801291,1821.914205291694,1838.4474656454483,1852.7892528151976,1864.9760229499593,1875.0822129637952,1883.2210879116058,1889.5417395896127,1894.2241011438502,1897.472641242928,1899.5071646223155,1900.5518984938406,1900.8261727535842
47.48579279200021,677.4868010229233,703.5860923025916,730.4461922327754,758.0306012463282,786.3042612348163,815.2312806765442,844.7730936994993,874.889730288165,905.5428468841242,936.6978182039086,968.3249284524982,1000.4006026498924,1032.9077026869763,1065.8333623941724,1099.165329813622,1132.8891388016084,1166.98574083013,1201.4281805124845,1236.178630520969,1271.1865814101664,1306.386673621482,1341.6965526304393,1377.0168542312929,1412.2333738851648,1447.2190795291092,1481.834143707679,1515.9250774661311,1549.3247557392863,1581.8532847859049,1613.3199296646728,1643.5273568340724,1672.2783193030755,1699.383442246179,1724.6682807918435,1747.9787238397632,1769.185894149691,1788.1915078866957,1804.9322005725926,1819.3815088064962,1831.5501212121058,1841.4864382316837,1849.2788113758286,1855.0565983450542,1858.987375142643,1861.2721684620442,1862.139370183375,1861.8357588228303,1860.6158052031928,1858.7317691031421,1856.4250152009122
47.669657140000254,725.1160166189063,750.409283830583,776.4585017225525,803.2385035660028,830.7215808881514,858.8757804677788,887.6663079436781,917.0586866674417,947.0209721388375,977.5250598384329,1008.5480269212503,1040.0725322333617,1072.0847488697163,1104.5707974782313,1137.514002521604,1170.892602512537,1204.676497948183,1238.8243528597895,1273.2818457790659,1307.9795577190007,1342.830878481044,1377.7320386567376,1412.5643216419096,1447.1961154667822,1481.4829807195706,1515.2668174251507,1548.3759210383453,1580.6258785272505,1611.8215229654293,1641.7612021324646,1670.2434889590168,1697.0749921286274,1722.0774389312548,1745.0931045947266,1765.9897386901089,1784.6659521292736,1801.055572015487,1815.1296539961768,1826.8967658341219,1836.4035820452568,1843.7371604069613,1849.0260369109433,1852.437480398141,1854.172770233031,1854.46115887825,1853.5509441877089,1851.6988286043527,1849.160071877093,1846.179581818356,1842.9839777523687
47.85378148200016,760.5735690474055,785.7903171331718,811.8036843924446,838.5825605514212,866.0907945688373,894.2886636471953,923.1360921295918,952.5949210739834,982.6302668354621,1013.2119096934216,1044.314737611096,1075.9167200194197,1107.995380547908,1140.5250916718464,1173.474823085772,1206.804928356245,1240.4642866263725,1274.3885960557916,1308.498307497943,1342.696580648608,1376.8693709695294,1410.887702649988,1444.6097883583286,1477.881173007867,1510.5339853374674,1542.3870883898685,1573.2470807636107,1602.9103679259586,1631.1675599132268,1657.810324029056,1682.6393515628129,1705.4716112553212,1726.1459642781547,1744.5282917545392,1760.5170986469666,1774.04810143532,1785.0964892337013,1793.6774718757308,1799.8471544215083,1803.705108262096,1805.3957745087394,1805.106039731212,1803.0608459150092,1799.517494666328,1794.7570682760559,1789.0741422154465,1782.7672926258424,1776.1305398004515,1769.4446644535578,1762.9681095181106
48.038814382000055,781.6865560461732,806.9495679806535,833.1186587764174,860.1459474729982,887.9804813410672,916.5714998343252,945.8707383030024,975.8338107873685,1006.421613862793,1037.600777503039,1069.3416386760327,1101.6147073595034,1134.3879486528454,1167.6245134452315,1201.2795027871084,1235.2970832773838,1269.6087506376145,1304.1312304127794,1338.7643984232864,1373.391329618641,1407.8805309015006,1442.0880189426944,1475.8574204466827,1509.0191788731097,1541.3906588772218,1572.7771005032,1602.9736425587228,1631.7696716251874,1658.955625433688,1684.3309097444942,1707.7111015734013,1728.9335136525526,1747.8622712849879,1764.393865563753,1778.4616905443045,1790.0382542072175,1799.135676958349,1805.8065173702037,1810.1462956287112,1812.294850703225,1812.433871681419,1810.7824655670108,1807.5914220524824,1803.1345984201662,1797.698599749042,1791.573258660131,1785.0430563378286,1778.3784224332414,1771.8266795615573,1765.6043613673908
48.222795185999985,730.5542516423814,761.6658787867425,793.6707686553688,826.467471478507,859.9608859283785,894.064105393056,928.6993486014272,963.7989201699312,999.3052301506525,1035.1683509625786,1071.3420836554449,1107.7808590775132,1144.4371079721802,1181.2576864204982,1218.1806749502941,1255.1333492613062,1292.029812083056,1328.7686691933152,1365.2328585017879,1401.2916878955057,1436.8027428882422,1471.6118414671205,1505.5521200035303,1538.4440412938102,1570.0962765188451,1600.307680267351,1628.8716147618013,1655.5827516741513,1680.2450103010472,1702.6788045488365,1722.726673196012,1740.2584441413978,1755.1768961209443,1767.4224249487843,1776.9754035313538,1783.8568487464702,1788.1294341550347,1789.9002181771066,1789.3222228040381,1786.5922022096627,1781.9464623267386,1775.6553904941532,1768.0151167233782,1759.3374799340093,1749.9408013155899,1740.141604202842,1730.2462154185073,1720.5420108148037,1711.289243556752,1702.7144359306194
48.40691140199988,819.5313635972157,847.027236057595,875.4206378608208,904.6434117503431,934.6310560221981,965.3240495702785,996.6691926863601,1028.6199909859833,1061.134559482839,1094.1720177175714,1127.6897007523798,1161.6408195494837,1195.9711568681653,1230.616116916304,1265.4989267936153,1300.5284794804516,1335.597201765145,1370.5810564880496,1405.341735362929,1439.7287040567064,1473.5792776196402,1506.7178108793491,1538.9557956466695,1570.0928173315276,1599.9185909408538,1628.2173334359973,1654.7746016808935,1679.3852555958338,1701.8607198100294,1722.0346191188055,1739.7679392858986,1754.9546774993075,1767.5264903556476,1777.4550294358173,1784.7525783742492,1789.4730311983799,1791.714582380364,1791.6212644874697,1789.3806736168383,1785.2197445152253,1779.3992353393126,1772.2053444749317,1763.9396336587333,1754.9097604811684,1745.421160611447,1735.7686156878651,1726.2274706327612,1717.0454400057351,1708.4361589168402,1700.5751098416097
48.59169372699989,918.2137378179184,940.6633846279987,964.151831124798,988.6384191993867,1014.0819501118343,1040.4425338359956,1067.6824584648884,1095.7645554443711,1124.649030706432,1154.2910860565448,1184.638964213557,1215.6310038165536,1247.1930230780388,1279.2368307945023,1311.6583553415494,1344.3357760906624,1377.1297678140538,1409.8859156463552,1442.4369636895256,1474.6030768350809,1506.1912019568388,1536.9953219023441,1566.7975564858598,1595.370332069581,1622.4808783216456,1647.898182977346,1671.401065785995,1692.7855464657891,1711.8705834528985,1728.5033364069466,1742.5649181347205,1753.9751450826427,1762.6949776491579,1768.7272653108366,1772.1178373238276,1772.9583103110742,1771.3877493630823,1767.590523441308,1761.7922174387515,1754.254261145836,1745.2656976582273,1735.1332654009236,1724.1722965766999,1712.6985718925357,1701.0200667887711,1689.4283519640471,1678.1905865794495,1667.5432581524237,1657.6878819768835,1648.7882563986327
48.7759713559999,984.2112000424363,1004.1075280172588,1025.1390222375164,1047.2770160954294,1070.4907648481092,1094.7486206894046,1120.0166890970295,1146.2559359512713,1173.4200694637914,1201.4538302325418,1230.2902758642108,1259.8483791571934,1290.0317390352484,1320.7268954836388,1351.8016336764417,1383.105388722854,1414.4718095562966,1445.7211460866015,1476.6606402882437,1507.0840085287775,1536.77180975669,1565.4926549713982,1593.0054808000712,1619.0641470159342,1643.4244900689382,1665.8524950447115,1686.1317620873997,1704.0693452565401,1719.5011179255412,1732.297631481181,1742.3689775148118,1749.6673457292275,1754.1878934500694,1755.9699683098002,1755.100056120836,1751.7135911593218,1745.9929701168244,1738.1636324033902,1728.4888672248976,1717.261769976577,1704.795521946146,1691.414495750257,1677.4463257516923,1663.213877834934,1649.0268802251746,1635.174152344688,1621.9175840248377,1609.488075893348,1598.0825256072987,1587.8603397415827
48.96003919900022,1002.3007162473072,1023.8307146557438,1046.4192204423732,1070.0384382190407,1094.6597510509368,1120.2523391173133,1146.7802530320296,1174.200265579289,1202.4601348963465,1231.4958652620628,1261.2292842059906,1291.5667348562617,1322.397374514594,1353.5914643937483,1385.000761703563,1416.4610723806863,1447.7946283677695,1478.8104699158132,1509.303920030695,1539.0569455169375,1567.8393598930022,1595.4110908727228,1621.526772136473,1645.9427913714376,1668.4254569254974,1688.7584590595366,1706.7487037386193,1722.2316730615064,1735.0772791018567,1745.1947213882654,1752.535040306513,1757.0919823957101,1758.903219212991,1758.0532919141592,1754.6754189271292,1748.9495081556256,1741.0982366018652,1731.3818580616285,1720.0901616893746,1707.5327557078156,1694.0301789916173,1679.9059801032452,1665.4786985131764,1651.0535100673649,1636.9144740958147,1623.3185349012456,1610.4914888872238,1598.625002452931,1587.8733345588826,1578.350573972017
49.14469377700016,1080.9889995032245,1099.2563698601325,1118.6707142659366,1139.2253187696526,1160.9067568304006,1183.6923384063466,1207.5483232456681,1232.4285301667767,1258.27192759217,1285.0005234741127,1312.518353241457,1340.7100567255288,1369.4394292012137,1398.5500581355825,1427.8681045265935,1457.2048934835586,1486.3574954063033,1515.1083858848046,1543.2259798721775,1570.4659965869382,1596.5738790865496,1621.2895295339201,1644.3544934708498,1665.5202568007492,1684.5558328337816,1701.2537187015892,1715.4353765944747,1726.9572079230343,1735.715531924054,1741.649262239511,1744.7408986273679,1745.017876595882,1742.5556481442254,1737.479631927802,1729.963375120774,1720.2247905798458,1708.5211305444204,1695.1411201042433,1680.3954249788032,1664.6079564281588,1648.1081527663393,1631.2231718878838,1614.2697563152383,1597.5467073526388,1581.329120003889,1565.864588537506,1551.3704661346217,1538.0308304943003,1525.9935115940577,1515.3681022640526
49.32863020700006,1148.126236287528,1164.0240961414606,1181.1266179057732,1199.443216415793,1218.9701589422748,1239.689089185902,1261.565937592415,1284.5488018142598,1308.5661143220077,1333.5258949366407,1359.3145786334717,1385.7958033732693,1412.8112693757366,1440.183728722138,1467.7197701038867,1495.2105803806842,1522.431771500245,1549.1440688695434,1575.0948182619459,1600.0205359077033,1623.651763558804,1645.7203626632522,1665.9679122127766,1684.153388509184,1700.059207069603,1713.4967830489443,1724.312579211461,1732.3931538981435,1737.6679034358972,1740.1101170479878,1739.7383879358497,1736.61975456509,1730.871711290068,1722.6604313658447,1712.1970666825039,1699.7327861368817,1685.5509764958863,1669.957780855865,1653.273478008744,1635.82484260143,1617.937420831763,1599.9274834315352,1582.094592667386,1564.7159350563597,1548.042629604612,1532.297094806227,1517.6701259454449,1504.3180384258717,1492.3607508581806,1481.880307374895
49.512920211000164,1164.5815857218286,1182.3279102905688,1201.2279727626117,1221.2796400517166,1242.4659929542652,1264.7541878087943,1288.0932936179477,1312.4124215245943,1337.6199443250277,1363.602296308698,1390.2227381486528,1417.3221982589675,1444.722249541725,1472.2278864124132,1499.6282838768927,1526.6966273596972,1553.1908095597782,1578.854951642351,1603.42197367596,1626.6184764034253,1648.1720688134926,1667.8198064405829,1685.3159190297583,1700.437908203798,1712.9921719476565,1722.8201253942427,1729.803330819475,1733.8663317561593,1734.977809744568,1733.1521078344608,1728.4524952928457,1720.9933130397003,1710.9383432032387,1698.4972674149392,1683.9208759734472,1667.4934518597738,1649.5235047348222,1630.335358137927,1610.2617295441312,1589.636237638768,1568.7855979988417,1548.0224431532718,1527.6399177398896,1507.908257345227,1489.0724327738212,1471.349509507321,1454.926075975574,1439.9566119254173,1426.5617900314705,1414.8259325799606
49.69791644599991,1120.4186911197585,1144.4205670118204,1169.4366156533938,1195.4233908513256,1222.326330165364,1250.077148520702,1278.59154116621,1307.7679952879928,1337.4862018289134,1367.6054531716163,1397.9651387427675,1428.387397844533,1458.6795947596775,1488.6347978649599,1518.0313512461082,1546.6333347419115,1574.1918692593692,1600.4474917060822,1625.1348609894312,1647.9899288521888,1668.758239733043,1687.2025375230203,1703.1087590742413,1716.291570492695,1726.600414921965,1733.9245839636144,1738.1960069031093,1739.3903755455024,1737.528648093182,1732.6803058717524,1724.965501814073,1714.5534435186726,1701.6588749639388,1686.5373185037226,1669.4775006564828,1650.7921363788923,1630.8095746287913,1609.8664444831006,1588.3002357934604,1566.4415752034731,1544.6071331374335,1523.0943121122464,1502.1779245803527,1482.10794165153,1463.106962025202,1445.3677542873443,1429.051743340056,1414.2874335303563,1401.1680070228315,1389.7490984310396
49.882042246999845,1119.3337091351002,1146.8249169519247,1175.186110412033,1204.3544419398795,1234.255220328002,1264.799404218484,1295.8822148513625,1327.3813600784379,1359.1552556111394,1391.0433557519616,1422.8686530043096,1454.440011608219,1485.5525166641771,1515.9869272054505,1545.5100289652003,1573.8758434616673,1600.8279175015089,1626.103954286184,1649.4429196158012,1670.5932870999839,1689.320599970187,1705.4134290807285,1718.6888828726603,1728.998637764714,1736.234000891682,1740.3286991527152,1741.2600121871285,1739.0502925431886,1733.7702466981573,1725.5411157093884,1714.533098197743,1700.9618796421296,1685.083929516827,1667.1889896939883,1647.5909287116378,1626.6194646147933,1604.612895524921,1581.9107717898055,1558.8462703789255,1535.739206938862,1512.8908356194174,1490.5806445818585,1469.0642281750436,1448.5708846723849,1429.3012921970635,1411.4261329770077,1395.0846577573882,1380.382428051505,1367.3891783687293,1356.137986744964
50.06592684499992,1187.2609864320984,1212.8984694124986,1239.3853171955252,1266.6648557703754,1294.6628143575754,1323.2861801980719,1352.421657800555,1381.934117515259,1411.667144840141,1441.4457492464676,1471.0788971790416,1500.3600506972891,1529.0668000993778,1556.9613864176204,1583.792070694015,1609.2955745494196,1633.2018537576812,1655.241338944538,1675.1533080320378,1692.6935688073524,1707.640532049186,1719.800831882055,1729.0154627583865,1735.1649459537682,1738.1722205221688,1738.003877322765,1734.6717803781148,1728.2364502070386,1718.809348878492,1706.5514104260842,1691.6696815025855,1674.412734658831,1655.0632784639813,1633.929139793072,1611.3351216348253,1587.6158761281467,1563.1087271279127,1538.1462032957975,1513.0492173294854,1488.1220414932436,1463.6492872515428,1439.8939697034903,1417.0953052277086,1395.4665942686693,1375.1940584780025,1356.4356228598708,1339.3188791522543,1323.9391708433602,1310.3586677887731,1298.6057329373577
50.249843818000045,1163.132629990195,1192.9934945907428,1223.6455936174427,1254.9844110271395,1286.8906738115816,1319.2285030999253,1351.8435597847006,1384.563298182365,1417.1993883079433,1449.5499729259857,1481.3999420920659,1512.5203145414757,1542.6685226187687,1571.5895582765195,1599.0182051124173,1624.6836184683834,1648.3163878999476,1669.6567467189957,1688.4621069815998,1704.5130002724877,1717.6185808140037,1727.6226601085546,1734.408785771249,1737.9030592427557,1738.0753107171674,1734.9406752545137,1728.5629444234216,1719.0568329187759,1706.5865034919918,1691.3622147723117,1673.635754064214,1653.6930790395772,1631.8453433513769,1608.4208092190227,1583.7577863831646,1558.1975314072017,1532.0768679789962,1505.7214634579352,1479.4409114280966,1453.5258276139714,1428.2460393583754,1403.848516510403,1380.5553950174558,1358.5629617103843,1338.0405901058332,1319.1288625184961,1301.9378178150255,1286.5461915647586,1273.0008339779001,1261.31554599925
50.43490730199983,1142.0220896512672,1176.4687429337475,1211.5592816124433,1247.1457572160718,1283.0676398512392,1319.1496241851933,1355.2015521968447,1391.0205152323283,1426.3928031730547,1461.093884794691,1494.8875097849282,1527.5257299990142,1558.74979816674,1588.2921695296723,1615.8808687892426,1641.2463568993946,1664.129562520667,1684.289256527565,1701.5078498638309,1715.5967711542512,1726.4023931137751,1733.811020205066,1737.7516320015532,1738.1970003389451,1735.165223960998,1728.723054734573,1718.9881546055735,1706.127626359702,1690.3546824932614,1671.9241140058807,1651.1249827586014,1628.271712143628,1603.6960788253891,1577.7402446442945,1550.7497623306906,1523.0663153208818,1495.0211265170126,1466.9301852954293,1439.0914995988542,1411.7834527125224,1385.2629118798823,1359.763439251384,1335.494472730235,1312.640465472075,1291.3592181040713,1271.7803415890835,1254.0047158857074,1238.1041279723554,1224.1200555327473,1212.0620237701814
50.61900731100013,1221.2891509288838,1253.2949853682637,1285.8350559939838,1318.771551348074,1351.9482991122884,1385.1909644175755,1418.309420189443,1451.0999558595404,1483.345507326318,1514.8149976951115,1545.2635856741292,1574.4337793504626,1602.0576405272598,1627.8613418770422,1651.5722114724974,1672.9269296748828,1691.6790570543474,1707.604974023056,1720.5093890656694,1730.2313851603228,1736.6495174579497,1739.6846573469477,1739.301201699063,1735.5086917488393,1728.3652164532698,1717.9797402921008,1704.510699371615,1688.1627309394803,1669.182198922255,1647.8499399204254,1624.4724051851315,1599.3737020955082,1572.8886749639341,1545.355959524596,1517.1107720725765,1488.4783687334839,1459.7693247647553,1431.2768412740638,1403.2751594537924,1376.0177299296263,1349.735488097528,1324.6361033263706,1300.903191023249,1278.6947217873803,1258.1415656522506,1239.3470365473133,1222.3866204268334,1207.3068531336953,1194.1238329931296,1182.8224345736057
50.802795121000145,1217.7689431189629,1252.5986953207141,1287.8675001968188,1323.391239795851,1358.9704946243767,1394.392697824299,1429.4341285572093,1463.8599295664842,1497.4232403102333,1529.8652441988304,1560.9160891320062,1590.2969078196916,1617.7242012946574,1642.9167211983447,1665.6035167231166,1685.5313256863553,1702.470391130261,1716.2198609693849,1726.6137408523819,1733.5259138250642,1736.872922395523,1736.6151322326946,1732.7583223536813,1725.357077021077,1714.5171196596543,1700.3939329794914,1683.1895307121304,1663.1480438428844,1640.548546014298,1615.6962938280053,1588.914885722608,1560.5394793600567,1530.910001916746,1500.3641142103033,1469.230864014396,1437.8261782273507,1406.4504009190514,1375.386956848814,1344.9007873793125,1315.2369087980926,1286.6199598468095,1259.2537261375223,1233.319874096143,1208.9768305499172,1186.3596708805003,1165.580196622579,1146.7261656185897,1129.8601563453842,1115.018451885474,1102.2090349581858
50.98762411100006,1197.2166011765003,1236.890801787143,1276.7138787779988,1316.4622005532756,1355.9033164675056,1394.797565078493,1432.8977202995877,1469.9477683376792,1505.6826151124794,1539.8286842153802,1572.1056324883102,1602.2304469896078,1629.924059078236,1654.9191414669883,1676.967267529828,1695.8445139324242,1711.3566636700486,1723.3449791482362,1731.691058287209,1736.3194685864362,1737.198777673169,1734.3430244533138,1727.8150053319166,1717.7285150526438,1704.246885587214,1687.5796877377343,1667.978257611472,1645.7284719460533,1621.1419473474643,1594.5481664904175,1566.2876706261507,1536.7052522501403,1506.1429083630169,1474.9334892269771,1443.3961918821797,1411.8341050954143,1380.5328850306155,1349.7592083115726,1319.759352280954,1290.758769094083,1262.9616412087953,1236.5496508347142,1211.6808994204318,1188.489840096848,1167.0874039846985,1147.5602835321895,1129.9698545767214,1114.3511226993194,1100.710976381306,1089.026293610005
51.171613249000075,1234.1201602068443,1273.8847681915227,1313.6218597570216,1353.0930579748388,1392.053036220108,1430.2491618005747,1467.4202670584064,1503.2963481413226,1537.5991519789786,1570.0438790001751,1600.3432657915587,1628.2141838424643,1653.385420620846,1675.6048226421233,1694.6448819605232,1710.307923512936,1722.4318632833472,1730.8950505897467,1735.6188897404045,1736.5688598847446,1733.7559774705837,1727.2400760614007,1717.1320433431956,1703.5923590264285,1686.8277985752243,1667.086965187397,1644.653074261874,1619.835165668539,1592.960247115889,1564.3665081993813,1534.3965392111384,1503.3903153608412,1471.6788815126076,1439.5798868878771,1407.3951765718753,1375.4095192543953,1343.8891179880004,1313.0802538472774,1283.20892916849,1254.480497927419,1227.0785157643115,1201.1637456222127,1176.874181739468,1154.325272653736,1133.6093060510443,1114.7944367308712,1097.9237427328433,1083.0135915017836,1070.0518619851596,1058.9978211254383
51.355826548000095,1275.6667135994683,1316.1517675131392,1356.2696780305657,1395.7821873888938,1434.4434419661416,1471.9987119052362,1508.1840465165296,1542.7268254006058,1575.347432268088,1605.763315136872,1633.695568572511,1658.8767037811804,1681.0577858265137,1700.0140190553411,1715.5499378643651,1727.5051725245173,1735.7593031599552,1740.2344969692997,1740.8965473996561,1737.756359613645,1730.8732569729427,1720.3572483769594,1706.3676002079826,1689.1095778947756,1668.830019628781,1645.8101666074092,1620.3569252807451,1592.7950650775701,1563.4604913886044,1532.6935280921766,1500.8319704807145,1468.2048438995405,1435.128017746431,1401.9018818528455,1368.8101648384454,1336.118541352566,1304.0733781781103,1272.9014859214067,1242.8098638328552,1213.9846701871393,1186.59035403136,1160.7698107950328,1136.6447420718666,1114.3151819466789,1093.8586705528505,1075.3294591818608,1058.7570279456625,1044.1444608443044,1031.4683597310727,1020.6798223229634
51.54069291199994,1354.9507752597167,1392.2638513429108,1429.0454425086639,1465.0635870218198,1500.0743626978094,1533.8217865544984,1566.0386011840737,1596.4481740729884,1624.76877304334,1650.7203531951423,1674.0325210735384,1694.4518554287647,1711.7476659143722,1725.717347263146,1736.1922991957456,1743.042925813015,1746.1814103149752,1745.5628846003654,1741.187039005433,1733.101547886967,1721.40445192117,1706.2428419430657,1687.8097104414962,1666.3396343662127,1642.1017147529562,1615.3909497731747,1586.5205458033124,1555.8153073890273,1523.6050414548529,1490.2177376399948,1455.9734610397084,1421.1801079025013,1386.131232127218,1351.1050228829836,1316.3630808912956,1282.1493438508585,1248.690028097638,1216.193574261099,1184.8498293911325,1154.8294012207537,1126.2840467066342,1099.3472745763124,1074.1341234236265,1050.740594932786,1029.2431251511964,1009.6973730899492,992.1368694375512,976.5732044423505,962.9967737716254,951.3757025991268
51.72475359000009,1346.9393307650219,1387.304327802263,1426.8212115483739,1465.2262280366704,1502.2471085522436,1537.603542454087,1571.008773980126,1602.1735874312517,1630.81281706466,1656.6530481263421,1679.439688876899,1698.942495247478,1714.9607057844923,1727.32875710697,1735.9210934662142,1740.654765978363,1741.4904407177219,1738.4338604862844,1731.5391354588262,1720.911003020963,1706.7034010345874,1689.116220030745,1668.3908973570308,1644.8032781507468,1618.6549191128436,1590.2653390562948,1559.9653564997448,1528.0904490748442,1494.9738960731515,1460.9406398886917,1426.303016418049,1391.3585618115908,1356.3889754885981,1321.6588865875265,1287.4147740073909,1253.884906852578,1221.2792928067909,1189.7888667204204,1159.5848549310213,1130.819177357757,1103.625067040751,1078.1168686510089,1054.3894955759138,1032.51792856356,1012.5560353043438,994.5352538687123,978.4648192207936,964.3325518078626,952.1040370416156,941.7212848769666
51.908817893000105,1346.6292642286724,1387.9228127988026,1428.2443923870521,1467.2859170848017,1504.734678724629,1540.2747580754153,1573.5908176288845,1604.374415017297,1632.331505920096,1657.1893184782527,1678.7016827725306,1696.6539747168351,1710.8686460740605,1721.209855476367,1727.5858971385312,1729.9500474125791,1728.301874817476,1722.6903894345646,1713.2161725644196,1700.0298313578194,1683.3286443112445,1663.352060967338,1640.3744809378181,1614.6964884117303,1586.6370462597438,1556.5267900980043,1524.7013571334514,1491.4945111348313,1457.2319992715315,1422.2272908374678,1386.7794051787084,1351.171908631689,1315.671727504316,1280.5281270809344,1245.972723248008,1212.2195140049123,1179.4641628303712,1147.8834690503277,1117.6358868053399,1088.8622717669678,1061.6858165178721,1036.2116534884342,1012.5265076071038,990.6976770894894,970.771884190123,952.7756738852265,936.7163780631549,922.5814724274715,910.3371935804477,899.9280900827371
52.09356909400003,1361.2439948097474,1403.7863952453417,1445.0030520708751,1484.5671180339375,1522.150600962579,1557.4279612354558,1590.0822364544642,1619.812363131098,1646.3398782026175,1669.4140845922268,1688.8168406990103,1704.3679459514026,1715.9296376385325,1723.4088959599014,1726.758177625242,1725.9766237652436,1721.113118124458,1712.2683364758523,1699.5931319851265,1683.2851224096594,1663.5841424524417,1640.7649863592594,1615.1286168880386,1586.9943447256921,1556.693118681611,1524.5608614476748,1490.9316122396958,1456.1314120351612,1420.4740813976928,1384.2590981778862,1347.7706548625517,1311.2765425594025,1275.027211536896,1239.2558748322238,1204.178642077859,1169.9939153645653,1136.8819820859107,1105.0056661031138,1074.511216050576,1045.528391285634,1018.1702238689834,992.5328381175433,968.694605415545,946.7151752293497,926.6360592606053,908.4817851087852,892.2594452533837,877.9575072223618,865.5452964820697,854.9722908109868
52.27751402500007,1405.85020269399,1445.9255230972904,1484.4998139262182,1521.23450357639,1555.7934726989329,1587.849257960482,1617.0904407381297,1643.2284045346898,1666.0025462847593,1685.1851023754102,1700.586562430883,1712.0601869653028,1719.5043267049948,1722.863164742827,1722.1279280839515,1717.3399453202178,1708.5926921055943,1696.0301698604926,1679.8434842568995,1660.2662874395367,1637.5675096747987,1612.0425571293836,1584.0054803974806,1553.7822546206871,1521.7041064780867,1488.1006498223553,1453.293766111945,1417.5933800397568,1381.295338033244,1344.6804697586833,1308.0134799527327,1271.5420208120115,1235.4968117389503,1200.091793852664,1165.5235513127077,1131.9709346003829,1099.5957472633463,1068.5436750752915,1038.9444182068185,1010.9115048439304,984.5421677990086,959.9165617514745,937.0968619581022,916.1279211993271,897.0385010953386,879.8409032892522,864.529865968086,851.0821367704016,839.4558660455746,829.5896432350993
52.46547284899998,1391.885388389596,1432.9712296034068,1472.37209169246,1509.7075526117405,1544.6103658413585,1576.733593822688,1605.757103385798,1631.392511639814,1653.3877460807455,1671.53219455085,1685.6609634167546,1695.6569437339313,1701.4513082527305,1703.0244872682524,1700.4090012669828,1693.691293052718,1683.0099056051752,1668.551872883723,1650.5479880455948,1629.2653751554237,1604.9985413601646,1578.061414322253,1548.7805058445003,1517.4881369809266,1484.515486364427,1450.1863978040199,1414.8130974105661,1378.694027746899,1342.1128789240408,1305.3374637276388,1268.6187867412525,1232.1911739770862,1196.272450112038,1161.0633950419033,1126.7474145371496,1093.4912861153098,1061.446158657201,1030.7477658992427,1001.5163317286655,973.8565482635186,947.8569037299652,923.5889002809853,901.1078377456363,880.4541785731252,861.6533184954161,844.7146272891479,829.6311694665487,816.3792474985934,804.9174209869942,795.1858374170768
52.65071266199993,1501.0161943819746,1534.0935012110544,1565.377642589162,1594.5208734354376,1621.1905891204833,1645.0763535625658,1665.8953496595577,1683.3974148898567,1697.3706371789451,1707.646029201305,1714.099980986389,1716.6551140450354,1715.2815856040545,1710.0002216785545,1700.8846226018934,1688.0595883368956,1671.697731958511,1652.0149470395636,1629.2631563425646,1603.7215201631539,1575.688610518413,1545.4756935283262,1513.40005670101,1479.7781442596136,1444.9194379517028,1409.1222349610255,1372.6715317446929,1335.8380950049605,1298.8773681229952,1262.0285642165052,1225.5148134761134,1189.543352969412,1154.3049916616667,1119.9737864166136,1086.7077910154317,1054.6500575866655,1023.9288513870936,994.6575576100271,966.9346618944505,940.8430821806398,916.4493926309067,893.8046161201427,872.9456010163369,853.8948071702871,836.6593658292309,821.2308235750546,807.5847130965385,795.6796043515097,785.4565875696815,776.8395970777397
52.83483692200025,1560.5127746726023,1588.0655310907223,1613.7838598370813,1637.325320294278,1658.367842921965,1676.6154699011586,1691.803654625317,1703.7050963394486,1712.134629417862,1716.9518685642863,1718.0622346399293,1715.4184112526302,1709.0236124223875,1698.9338065549598,1685.2562456725475,1668.1461699196268,1647.8023546962895,1624.4599294270913,1598.3816478928554,1569.8501178708545,1539.1611339483077,1506.617051695754,1472.5199677686842,1437.1656447588543,1400.8393337417147,1363.8137046112984,1326.3479666176681,1288.6868285734326,1251.0596509589361,1213.6806585722757,1176.7492028224083,1140.449307235592,1104.9494326650774,1070.4033248663377,1036.9511243442264,1004.7196998059597,973.8226841605297,944.3605948612962,916.4203162079816,890.0744841316055,865.3824495923045,842.3918357409843,821.138512984497,801.6458556625811,783.9246891863085,767.9730689339863,753.775542665554,741.302845810884,730.512019502069,721.3459296761087
53.01859656700026,1711.9151237022968,1727.8490611215982,1741.8569347258285,1753.6702894270477,1763.037088226537,1769.7278642853812,1773.542376296457,1774.3152833620836,1771.9195381190098,1766.2681209459188,1757.3161641187362,1745.0648454981058,1729.5641967249976,1710.912175034962,1689.2518692337103,1664.7675080238535,1637.677700794649,1608.2270921296752,1576.6789392898122,1543.3087581972525,1508.397977884449,1472.2273698411911,1435.071193007472,1397.1932093230762,1358.844781907525,1320.2641402675713,1281.675463965055,1243.2881389117058,1205.2970568332228,1167.8829488464921,1131.2119885071202,1095.435602538753,1060.6913535572567,1027.1040762718646,994.7862299945162,963.8379478144103,934.3471655682118,906.3891094718072,880.0256841019452,855.3064379370904,832.2701226020489,810.9446708636673,791.3464579072004,773.4802554778969,757.3390208315452,742.9031728151155,730.1403049043574,719.0053254499483,709.4401079225488,701.3727363726618
53.203653051999936,1731.6629151649706,1745.3210833342334,1756.8077544507346,1765.8709010656348,1772.280774296988,1775.8365873327211,1776.3722163449017,1773.7596176062757,1767.910583715649,1758.778887888636,1746.364196007197,1730.7148915289285,1711.927162505849,1690.1422214072852,1665.5423260998639,1638.3440322696313,1608.7898587231705,1577.1408750147696,1543.6703571217436,1508.6574513339408,1472.380612997612,1435.1117610722438,1397.1123036253218,1358.6312465548751,1319.904470154475,1281.1538251712502,1242.5864027404673,1204.3948489540162,1166.7577152184635,1129.8390799670133,1093.788380137822,1058.7413169247886,1024.821017466114,992.1384154730355,960.7923313125835,930.8696348146318,902.4447697891305,875.5791820388598,850.3223281476312,826.7132812289722,804.7807586889542,784.5424365006844,766.0049594999001,749.1637895223561,734.0025435279537,720.4927713036788,708.5941626978021,698.2542668062531,689.4078136685482,681.9767719136145
53.38763848200006,1878.7989524465434,1878.3370936578851,1875.920419004747,1871.361581650432,1864.491982673111,1855.1684861829785,1843.277800758655,1828.7391479360917,1811.507265298217,1791.5771231310719,1768.9874996208423,1743.8207642416041,1716.200740885582,1686.2893203387325,1654.280253969454,1620.3913119282063,1584.8573173939365,1547.9242048604324,1509.8430450403941,1470.8638055424776,1431.2297908647852,1391.173919454492,1350.9170527614863,1310.667463528609,1270.6200975663332,1230.9559859441908,1191.8426808410766,1153.4347086176151,1115.8732779938507,1079.2861839654029,1043.7887740785673,1009.4851607308825,976.4686443819546,944.8218299471614,914.6168212756544,885.9147741986145,858.7653512990996,833.2077569126219,809.2723696333995,786.9807983280479,766.3452269580309,747.3684583771399,730.0437994316966,714.3544398624801,700.2732747981073,687.7631608298084,676.7766879616676,667.2555576980309,659.1306481520088,652.3227252708836
53.571901571000126,1850.8942567449237,1849.5864642649042,1846.2327116789822,1840.6413272713874,1832.6484258842622,1822.1221729531753,1808.9653306426023,1793.1181353523593,1774.562887090669,1753.3273970369628,1729.4846441234001,1703.15051320831,1674.4802853197102,1643.66231257751,1610.91006170974,1576.4550382039774,1540.5407394906822,1503.4165800483129,1465.3315578157678,1426.52860561336,1387.2407854159005,1347.6895404440222,1308.084092306602,1268.6206373915438,1229.4816993523896,1190.8365108198589,1152.8414177657871,1115.6395442493765,1079.360658012417,1044.1221033683694,1010.0299848707066,977.1795664617288,945.6553681911182,915.5313452247449,886.8704294530552,859.7239766794821,834.1327977339038,810.1287906294841,787.7349996159168,766.9649662895556,747.822782793493,730.3029893091311,714.3899682182844,700.057784610632,687.2704630151901,675.981782540578,666.1346805765593,657.6613458294887,650.4840580583253,644.5161846446297
53.75549647100024,2005.4369940124918,1989.8095885534492,1972.263572968966,1952.7006532040778,1931.0423798829838,1907.2337633465775,1881.247180018329,1853.0879466344234,1822.7987056395195,1790.459970402356,1756.188701409911,1720.1355831817818,1682.4794343773717,1643.419935402815,1603.171186409932,1561.9562453311778,1520.0015904251024,1477.5312785856565,1434.761745217655,1391.8984058107296,1349.1342766126793,1306.6497041780585,1264.6118606061782,1223.1743639759663,1182.477899782001,1142.6508394647194,1103.8090963982406,1066.0561623840238,1029.4841936070281,994.1753319658112,960.2022288038069,927.6282553442044,896.5077866375782,866.8858412851085,838.7976217263888,812.2696350912906,787.321413225855,763.9656590656717,742.2076856582837,722.0455588212043,703.4700863949078,686.4643070236144,671.0034284799203,657.0552055318416,644.5798394265536,633.5294887930575,623.8484721367574,615.474218433662,608.3381375439881,602.3658374542613
53.94076670000004,2054.2101514418396,2030.8344825936902,2005.6699235767305,1978.6593829035942,1949.7643123488747,1918.9691081691344,1886.2871557778012,1851.7656600415098,1815.4866090843636,1777.5657423169669,1738.1501922771893,1697.413232851426,1655.5473184965401,1612.7579278537914,1569.2583620546116,1525.2644429790323,1480.9888836126643,1436.6362772814882,1392.3998669384594,1348.4603129916393,1304.985550570041,1262.1303941795964,1220.0362504009108,1178.8318155731463,1138.6337556842857,1099.5466099385583,1061.6628621309567,1025.0640498371417,989.8220983484212,955.9998473617402,923.651255673012,892.8216715917573,863.5474522121009,835.8554771659365,809.7642376610085,785.2855201860349,762.424512800285,741.1792010282157,721.540465043624,703.4920217833021,687.0098655905864,672.0621580636866,658.6095577619083,646.6050724987488,635.993524683385,626.7117105517533,618.689310476265,611.8497227723559,606.1104628656882,601.3835747406888
54.124872418999985,2101.4070949066327,2069.6012407641956,2036.24215260309,2001.31036984898,1964.8040298566627,1926.745470943121,1887.186591115617,1846.2103095278087,1803.9300009231138,1760.4875725444772,1716.0486162781294,1670.7958211166751,1624.9231600268865,1578.6310024104378,1532.1210984692618,1485.5912088056434,1439.230327327336,1393.215660005462,1347.7115794097028,1302.8696473933312,1258.8283653810786,1215.7130144209082,1173.6364634487159,1132.6999444743044,1092.9930376206007,1054.5938115714503,1017.5699908182794,981.9803379674574,947.8752203951318,915.2968477148686,884.2795689294771,854.8495134887926,827.0241228967438,800.8132546167027,776.2208785305098,753.2451946674796,731.8780399472697,712.1049962676541,693.9053441460385,677.2515160051906,662.1090001882955,648.4366866856232,636.1867375485897,625.3040726156559,615.7265514686411,607.3859087984173,600.2086154985614,594.1163071592875,589.0262208090267,584.8521737975202
54.31219426100006,2138.5916878672933,2099.5375092249233,2059.070801579771,2017.2195072674203,1974.0304122237374,1929.5749985192272,1883.951379991654,1837.284189400727,1789.723085156035,1741.4383093234298,1692.6144812586617,1643.4451405053833,1594.1281899505314,1544.8611855735849,1495.8362463340773,1447.2355326430493,1399.2284564767845,1351.9708436793953,1305.605141538913,1260.2603318727306,1216.0519126199338,1173.0828272644962,1131.4443416979834,1091.2161123681121,1052.4663921875103,1015.2532465088603,979.6259683349294,945.6256629431689,913.2854892662582,882.6309477574549,853.6794998010377,826.440066131542,800.9140868149758,777.0971638384591,754.9791158065302,734.5433132657788,715.7667077682685,698.6196996702214,683.0654995595763,669.0599352240799,656.5516960006225,645.4820983808545,635.7844644469527,627.384195065368,620.1995960965011,614.1426310976012,609.1192434397293,605.0296900344418,601.7697982059301,599.2334384714148
54.497670193999966,2108.3799069289153,2067.004552933377,2024.3005862518098,1980.3146724394426,1935.1175148983154,1888.805864330687,1841.502474641672,1793.3546734653448,1744.5299791905238,1695.2099490481453,1645.5847721470257,1595.8487587322536,1546.1956723108208,1496.8136785195843,1447.8808595306236,1399.562457416741,1352.0100673997763,1305.3618744510907,1259.7425938704675,1215.263479234389,1172.0232774315134,1130.10913078584,1089.5966705013388,1050.5502482830555,1013.024178812421,977.0641826052907,942.7079997784218,909.9856623952276,878.9198154298443,849.5253716978134,821.8090484798457,795.7704686260843,771.4038473894434,748.6980946524887,727.6362011957309,708.195322199581,690.3467030090887,674.0551020335331,659.2786626114338,645.9692255353656,634.0721658940336,623.5258455103608,614.2617625241705,606.2054559071973,599.2773378194929,593.3930960546014,588.4641079831088,584.3987766242602,581.1049301014307,578.4920485512022
54.68177766300005,2179.5377693094943,2128.0389630064874,2075.462355549907,2021.9298288488671,1967.580489697584,1912.571395564971,1857.0768678155544,1801.2848210270731,1745.391290434084,1689.5956694642557,1634.0968072710973,1579.088912027259,1524.7570334067525,1471.27307298527,1418.7934862469256,1367.4588976711739,1317.3947231633524,1268.7114614531226,1221.505019017924,1175.8579495510373,1131.8406093826954,1089.5114745757771,1048.9175680950993,1010.0958713075411,973.0749109383194,937.8754936075088,904.5110772041793,872.9881707006303,843.3060492861282,815.4563340380072,789.4241203635851,765.1896778581051,742.7285525877908,722.0109417372412,703.0017550514318,685.6605092871372,669.9407116812133,655.7896853541904,643.1488293875578,631.9533982365705,622.1318927268821,613.6061451235914,606.2921569765443,600.100863549097,594.9384679640145,590.7067873568261,587.304522547741,584.6295933762549,582.5815130176502,581.0630698308715
54.86585109199996,2296.3011407281083,2232.453179371173,2167.6923564622316,2102.2536739233738,2036.3765804331183,1970.3053076963238,1904.2862028923698,1838.5632328108566,1773.374166185472,1708.9475796476108,1645.4996294683033,1583.2303597238495,1522.3204935437411,1462.9298697045654,1405.1977451927703,1349.2440576546198,1295.1703094546065,1243.0604383792786,1192.9825568138667,1144.9905618852997,1099.1248636093449,1055.4131809459668,1013.8722816759563,974.5098589964824,937.3255188180091,902.3113689374138,869.4526036428736,838.7273725983639,810.1064851922396,783.5546365337783,759.032179665526,736.4952768862327,715.8953019655909,697.1789094746846,680.2879191896322,665.1586732667413,651.7218207475655,639.9025237236151,629.6201713690475,620.7876955962038,613.3115722951776,607.0925683068067,602.0264093624879,598.0040135396789,594.9117339364573,592.6325234964164,591.0481655648384,590.0415449584374,589.498524756922,589.3102498167282
55.05061779300013,2181.098675771722,2119.7535897700923,2057.7185401622733,1995.2037254740458,1932.428253087326,1869.6171615074677,1806.9966202972607,1744.789816175537,1683.2136723636813,1622.4753447121625,1562.7682663343373,1504.2686882517378,1447.1338789383133,1391.5022038115933,1337.4941788374344,1285.2131600618493,1234.7460340623277,1186.16479098273,1139.5279823799829,1094.8813105682834,1052.2582989403384,1011.6819186944456,973.1663643328291,936.717951343915,902.3356266455216,870.0114847268699,839.7305777071387,811.4705698587993,785.2029221427576,760.8946306903069,738.5083515017279,718.001782528839,699.3277187650222,682.433927715257,667.2625023762946,653.7496457348017,641.8258805807021,631.4157703295879,622.4372441123479,614.80160961364,608.4143133453183,603.1756231401804,598.980876980893,595.7207414461578,593.2823922953883,591.5517603726823,590.4158172206468,589.7644652275917,589.4928587168481,589.503946142727
55.234856759000195,2178.150488309419,2113.7234764552977,2048.623294658225,1983.117283026267,1917.4737729061276,1851.9575376582986,1786.8259392478458,1722.3259141474034,1658.6907389075404,1596.1363443300831,1534.858123317366,1475.0293931892486,1416.8017317311687,1360.3062796419172,1305.6546699596486,1252.9399484635958,1202.2383659384752,1153.6110439493289,1107.1047604083478,1062.7528041661428,1020.576773948132,980.5885140152064,942.7911600810351,907.1797862737461,873.7420463680199,842.4580978581383,813.3003598261542,786.2347906006651,761.2227096225776,738.2209962933837,717.1815374954687,698.051339939861,680.7724552494005,665.2813754411524,651.5088533432146,639.3801422601292,628.814741084065,619.7257385967499,612.0198409118548,605.5981421914786,600.3568138477194,596.1873567468989,592.976860077675,590.6091797596054,588.9671799043105,587.9350120274136,587.3999971190477,587.2549372431897,587.4006875819382,587.7477602185812
55.41858219699998,2140.6073703270104,2074.2472539668715,2007.4156228215745,1940.4010564723592,1873.486328612567,1806.944679763648,1741.0369319422,1676.0083841568985,1612.0852563790984,1549.471625940803,1488.3480161931113,1428.8718558784028,1371.178901211953,1315.3842807041717,1261.583526288187,1209.8544713109627,1160.2590168005847,1112.8440121400617,1067.6421993035253,1024.6740959647334,983.9500099037789,945.4711583408218,909.2303831234653,875.2128551682958,843.3960569309172,813.7495940858499,786.2365226569896,760.8152162732457,737.439606591527,716.0586688474492,696.6165689603744,679.0526203687634,663.3007085212547,649.2891378108267,636.9408955063935,626.1734191046005,616.8979610556001,609.01963500245,602.4382038369531,597.0487849295853,592.742117173608,589.4048336015197,586.9206525203272,585.1726307194388,584.0454534615536,583.4273263459979,583.2122956648883,583.3028280859223,583.6113919028397,584.0608983382431
55.60712604799983,2033.066178013651,1971.480585503118,1909.3496522931239,1846.9593587329418,1784.5890439640516,1722.5081013460858,1660.9724872949603,1600.2208104011677,1540.470943811497,1481.9183195751132,1424.7361221434046,1369.0764716510673,1315.0712555617067,1262.8329707372718,1212.4564549463917,1164.020507661022,1117.58864470389,1073.2099343436714,1030.9207886095178,990.74690074328,952.7043009500107,916.8000199516244,883.0327523749597,851.392807436597,821.8618968549869,794.4144450439412,769.0194451418802,745.640692866818,724.2362691744121,704.758687232412,687.1548510443174,671.365482874624,657.3249735600023,644.9616496275157,634.1975430789017,624.9477573001695,617.1205128106553,610.6179327977867,605.3367435076188,601.1685339129098,598.0000182682425,595.7142144204295,594.192681421072,593.3177912172329,592.974599649209,593.0531435909638,593.4509953597556,594.0748170084477,594.8408776136819,595.6754102959225
55.791724505000275,1877.1560553951763,1822.8497887991732,1768.037493127899,1712.9626484902244,1657.866110391028,1602.9819443363517,1548.532869215377,1494.726254499462,1441.7518314590266,1389.781336587329,1338.9691784119498,1289.4527864352654,1241.3530040736623,1194.775404118179,1149.8115258123512,1106.539277133469,1065.0234487108,1025.31721183461,987.4637900320332,951.4972748307888,917.443073603445,885.3183798610025,855.1319517654237,826.8837470866572,800.5660979569343,776.1654472934316,753.6624772265819,733.0314989004047,714.2405175988246,697.2511190316746,682.0178325015557,668.48792367936,656.6016096337081,646.2917807835355,637.4833221342454,630.0931165081545,624.0307888116824,619.1993656091403,615.4954937321158,612.809660952467,611.0273311207396,610.03113696946,609.7031051328345,609.9264785145849,610.5879628737034,611.580228924883,612.8034128779885,614.1655789861207,615.583200855942,616.9823066302391
55.9758178080001,1798.6032903716944,1746.3566001099068,1693.7080840690974,1640.8946705773847,1588.148287550455,1535.691094557132,1483.7312820874356,1432.4605982848843,1382.0538212645874,1332.6692680191156,1284.4489983790843,1237.5190755429958,1191.990761276392,1147.9616443983175,1105.51594561953,1064.7249446103408,1025.6484011713856,988.3361593860544,952.8289047686069,919.1585616903343,887.3487208442726,857.4143819166098,829.3615590996237,803.1884322223277,778.8870648101953,756.4435188706025,735.8372352505291,717.0410930227508,700.0212932594792,684.7367224634295,671.1387479567325,659.1714374693454,648.7712872161785,639.8665504665018,632.3772489821264,626.2159260545316,621.2883151197244,617.4935674091721,614.724481413743,612.8686463301641,611.8106424750868,611.4342730211375,611.6243920060257,612.2691553197252,613.2625258170937,614.5057753458715,615.9079471398968,617.3863352260481,618.8676085019931,620.2890720084778
56.16032560099984,1710.5009684138672,1662.374851872748,1613.7784537671323,1564.9451753328867,1516.1011744683312,1467.4608024670547,1419.223795886488,1371.5744411188002,1324.681801940637,1278.6996676412,1233.7665822599206,1190.0068319583434,1147.5313879981343,1106.4380471921854,1066.8117144751109,1028.7256982159881,992.2432058962104,957.4180089169179,924.2947625852007,892.9093698314243,863.2886726498963,835.4500177599822,809.4023781691038,785.1480509009782,762.6827596872387,741.9950305219251,723.0662526406314,705.8705694419169,690.374253832595,676.5355195613117,664.3047600973591,653.6242987090694,644.4277411585811,636.6400128487714,630.1781386557038,624.9519389700584,620.8642849896295,617.8113556600956,615.6838080878325,614.3690040955843,613.7532669900748,613.7237332339066,614.1706254923059,614.9897779897061,616.084156773793,617.3643381627157,618.7490018663523,620.166066296107,621.553912158576,622.8617865346041
56.3446746059999,1581.2560004430627,1539.1164387769466,1496.5649896127352,1453.7942886555581,1410.9915066070757,1368.3349799101495,1325.9928357547396,1284.122703628166,1242.8711725294486,1202.3733554605124,1162.7534389071363,1124.1252151195406,1086.5918390878335,1050.2457546151436,1015.1696596316357,981.4376976894615,949.1158435477319,918.2619678969596,888.9259686571229,861.1492516285947,834.9641057068825,810.394653002832,787.4583927559601,766.1661664433835,746.5214105824914,728.5201083949394,712.1505834739334,697.3927885895296,684.2180398872954,672.5891867741017,662.4602999353195,653.7759677496755,646.4712818523639,640.4725690651733,635.6980422779292,632.0580124640735,629.4551034524543,627.7853805921304,626.9405353861479,626.8100996645148,627.2832535897666,628.2510536705978,629.6089115313916,631.2580659602145,633.1060115523441,635.0669406024701,637.0628260477802,639.0245919752206,640.8926033461752,642.6168748586044
56.532195025999954,1526.4844619350183,1486.0909158022475,1445.287042623482,1404.2671741768056,1363.2176042603228,1322.315048233368,1281.7262053663203,1241.6070823303917,1202.1024386065146,1163.3462306596498,1125.4620518000293,1088.562808726142,1052.7505782484477,1018.1175134372189,984.7469852453037,952.7139266416588,922.0848634525771,892.9180185168024,865.262771133579,839.1590162446776,814.6381029544584,791.7243705718573,770.4351089079141,750.7798086938295,732.7601126901275,716.3696100683029,701.5931266755795,688.4064609504657,676.7765553315587,666.6611851887427,658.0082551639783,650.7557833292403,644.8326300733374,640.1591440310747,636.6473670032017,634.2012392917791,632.7177164279332,632.088939246604,632.2044307967567,632.9528843396396,634.2243686123054,635.912781150366,637.9172922851934,640.1427432741382,642.5000554098516,644.9072781581428,647.2907231421622,649.5854159911532,651.7353358520388,653.6941141256442
56.717671250999956,1349.7377155504437,1318.902839215506,1287.692347490053,1256.2248524235922,1224.6201928796245,1192.9981122269169,1161.4767230261064,1130.1711238785904,1099.193048831356,1068.6505490426273,1038.6469497960243,1009.2800278347172,980.642279177668,952.8214638964835,925.9003948846089,899.9564544350727,875.0612245271071,851.2795118173354,828.6683105596368,807.2773816475358,787.1504643962654,768.3249461082203,750.8308535038205,734.6905747393478,719.9184527021224,706.5199002819511,694.4909854728606,683.8184742482065,674.4794113673087,666.4403271701793,659.6571489877133,654.0758723577203,649.6331627045486,646.2565278460906,643.8645012433849,642.3677455386642,641.6712169857549,641.6763629922884,642.2829158395866,643.3911076529834,644.9041363939007,646.7296245471862,648.7800331003887,650.9730868776651,653.2328385714154,655.4908176587026,657.6864956641127,659.7675370835327,661.6904666063083,663.4212423683972
56.90168189099995,1352.3078690415675,1319.7008833975015,1286.732930457616,1253.5505196454144,1220.297243446506,1187.1123870894162,1154.1296954614988,1121.4771756860791,1089.2769333319868,1057.6442838291468,1026.68708275313,996.5061440234036,967.1959315535489,938.8444906081445,911.5331020551547,885.3360449232591,860.319747892688,836.5418726880695,814.0520074113638,792.8929863649305,773.1006614194471,754.7029890877869,737.7198421641707,722.1626868065106,708.0337759899163,695.3258074481428,684.0220343352993,674.0959090749209,665.5103487753271,658.2177011685753,652.1604665954453,647.2719470233188,643.4764627822096,640.6895772435591,638.8192392808919,637.7679843894595,637.435166933928,637.7187868125245,638.5177358026932,639.7342935185447,641.2756147763329,643.0541710483446,644.988202109932,647.0028052205929,649.0311079773084,651.0147562039596,652.9041860422664,654.6593106793956,656.2499896509227,657.6555551911888
57.085374537999996,1211.2296733491848,1186.6143934486572,1161.5888478339646,1136.2491835951605,1110.6957673995269,1085.0312214157307,1059.3595206671334,1033.7851527000032,1008.4115833969671,983.3399742599166,958.669021332743,934.4951019488543,910.9116957795183,888.0085632183121,865.8710660299322,844.5789101271849,824.2048524373423,804.8150486839057,786.4700572520225,769.2243226727533,753.1250012593944,738.2115360456063,724.515120136344,712.057697597266,700.851448181619,690.8987423115594,682.1916449842029,674.7110552175632,668.4265582760115,663.2970445378489,659.2712644004491,656.2879583948801,654.2760013081205,653.1554688203963,652.8397663056484,653.2377911446082,654.2556908355876,655.7990412875365,657.7752744743406,660.0950966308089,662.6728591968402,665.4269382888982,668.2807498689637,671.1638467399725,674.012328890761,676.7690366905726,679.3841578854705,681.8156170423875,684.0287427400854,685.9961018978603
57.270408275000136,1245.9045560597967,1216.7120672092642,1187.2328321417742,1157.6017073257995,1127.9510808249559,1098.4103458654795,1069.1054284352167,1040.1576103737293,1011.6825912760039,983.7906577144441,956.5871446025883,930.1721540887596,904.6400141716747,880.0788613400517,856.5696266649551,834.1849670378568,812.9898182566213,793.0425851274151,774.3947922220835,757.0900580158692,741.1637998187377,726.6428089328865,713.5443455297146,701.8756999485043,691.6342072639541,682.8067942428492,675.3691457693103,669.2855684527942,664.5096057637393,660.9845745812823,658.6436628209277,657.4100274449236,657.1978018791758,657.9141530169192,659.4613597121901,661.7384756297711,664.6434014534368,668.0751962932707,671.9353701886035,676.1281206942007,680.5605701866109,685.1436320076664,689.7929526231292,694.4291624844077,698.9779063884959,703.3702857284823,707.543082880288,711.4382647999223,715.003044946321,718.1918689505926
57.454559578000044,1172.073043062304,1146.3364168387534,1120.320446548202,1094.141650713059,1067.9170118669,1041.763183239532,1015.7950052087718,990.1242757142777,964.8596437480777,940.106811119301,915.9680080449702,892.5412247361737,869.9195830951143,848.1901276224187,827.4325767750797,807.7197109194684,789.11841140117,771.6891736517732,755.4849562789474,740.5507727281637,726.9231640889927,714.6292016554049,703.6859650437717,694.1004818110616,685.8692067905057,678.9771273297885,673.3975712664827,669.0927711267937,666.0143535990422,664.1033931473445,663.2904683008053,663.4966289136945,664.6354138914567,666.6148906469621,669.339278565432,672.7109809456792,676.6328547819516,681.009459867922,685.7472498607807,690.7547616620417,695.943431025363,701.2284814407299,706.5291189370173,711.7685036398459,716.8741306117023,721.7779904529033,726.4160070745913,730.7280322055867,734.6599073027807,738.166730222336
57.63856138400024,1088.4339266093984,1066.6349635009792,1044.5972753334638,1022.4106544870538,1000.1691565777779,977.9692440385344,955.9081951053495,934.0836490420164,912.5934741612533,891.5349252291845,871.0035731625705,851.0923916089816,831.8902797465265,813.4805625696482,795.9411446453088,779.3453315381963,763.7611413606653,749.2499678081979,735.8660005807643,723.6555409898609,712.655860518217,702.8945472387477,694.3893250968148,687.1474233055695,681.1645810540456,676.4247633696775,672.9006406299625,670.5539997936239,669.3357252538183,669.1857869112399,670.0341428573607,671.802695296012,674.4072701456818,677.7591818292999,681.7672070034336,686.3397959368867,691.3862624327797,696.816914416873,702.5431811113334,708.4783643502149,714.5384608211582,720.6422877056108,726.7113824860875,732.670309486771,738.446743779729,743.9708301428657,749.1750970347018,753.9964367945347,758.3794753054411,762.2795079747931
57.82342766800002,1111.2857121574534,1086.814948729492,1062.131154258724,1037.3587646992016,1012.6209462988265,988.0382377076274,963.7283291333525,939.8061629377956,916.3833203931893,893.5671759164288,871.460202034307,850.1587033132621,829.7515196307908,810.3203740777152,791.9408791702757,774.6820234656136,758.6049997197033,743.7627803906046,730.1995782982416,717.9498403136972,707.0377191717373,697.4770086663782,689.2706197920128,682.4096833887509,676.8733555289768,672.6293785624288,669.6345663316846,667.8348519135056,667.1653359412992,667.5512433546361,668.9099276524175,671.1528935281128,674.187399813052,677.9184668780748,682.251117577511,687.0915929760313,692.3475052973115,697.9279842972071,703.7444448664412,709.7114228594842,715.7467117960266,721.7712713383258,727.709540205115,733.4895242075594,739.0421571048216,744.3012142136114,749.2052899072319,753.7011621262525,757.7466453613071,761.3119530383738
58.00762680200023,1053.4300264861397,1030.510017668248,1007.536956513662,984.6140079492247,961.8444700581587,939.3313859785012,917.1774772795347,895.4843648995931,874.3515601023207,853.8756096344397,834.1486740540516,815.2570801625496,797.2815232200459,780.2979328627399,764.3768249174647,749.5820002293441,735.9699961699996,723.5894284017439,712.4798704461482,702.6712157482834,694.1835070268033,687.0263099457044,681.197716092514,676.6840508883107,673.4603387068314,671.4906930551205,670.7282695012592,671.1152187328859,672.5835469280568,675.0570218666734,678.453095037508,682.6844010775067,687.6606581477956,693.2907978375276,699.484065406235,706.1500524470359,713.1987179007715,720.5410250485963,728.0896414089628,735.7589342335152,743.4647326847173,751.1244896799454,758.6572145696059,765.9826750009113,773.0211487421152,779.6952376441844,785.9330681194665,791.6709810863439,796.8551333786875,801.4430003066116
58.19175172999985,1034.6483496421606,1012.3084121347453,989.8856603861691,967.4961085928276,945.2550334211497,923.276871631235,901.6744152844605,880.5577859085081,860.0335707692116,840.2033992361556,821.1624992454532,802.9999086626149,785.7993546392752,769.6386223858703,754.5882737533764,740.7111206174886,728.061590013607,716.6846279889146,706.6150863236019,697.8775764127678,690.4858668845606,684.4419095151462,679.7355686756541,676.3451062299101,674.2375894067889,673.3688590321185,673.6834952296264,675.1156875232381,677.5911475435421,681.0290343909693,685.3434538122173,690.4453546362346,696.2446509248597,702.6513105351828,709.5753720855396,716.9269461890327,724.6168285416213,732.557171777784,740.6614488050864,748.8441787496449,757.02104858171,765.1088017121001,773.0243920766843,780.6846846957548,788.008215148181,794.9183326584514,801.3458301247789,807.2304835322242,812.5225893405359,817.1850956717436
58.37655309899992,943.4017433760945,926.4054373170894,909.3012717369735,892.175241832413,875.1178995723462,858.2230763626491,841.5864024253732,825.3040078187498,809.4706844469297,794.1780500503953,779.5143896312748,765.5651877587526,752.412173262453,740.1317365591751,728.7941242551316,718.4625474452447,709.1918499992286,701.0276801840179,694.0061490075069,688.153050868466,683.4827300165666,679.9976669514681,677.688835538868,676.5359972050214,676.5075684228058,677.5604974280119,679.6410559377988,682.6866829324792,686.6278494375724,691.3895043795198,696.8929239163709,703.057791696646,709.8032497890822,717.0478813722607,724.7096802000688,732.7066336402946,740.957365470776,749.3810704798374,757.897211405116,766.4256107515015,774.8863083225262,783.1986826008955,791.2811166612693,799.0527208322824,806.4364366670396,813.3616254988561,819.7655640658626,825.5949359287678,830.8079841897222,835.3763638461402
58.560766107999825,946.6437712504561,928.3471156628237,910.005788828099,891.724191354618,873.608352609089,855.7645628960498,838.2981870493044,821.3119377919801,804.904148995855,789.1687235556643,774.1957686967438,760.0707396989067,746.872951849292,734.6748649168914,723.5412762953042,713.5280688945863,704.6814569811761,697.0377132512111,690.6224526665117,685.449556539261,681.5208110082851,678.8263107252901,677.3447941747044,677.043546919711,677.8783088062197,679.7940910000265,682.7270400290486,686.6063178833635,691.3555583654152,696.8947222124245,703.1421785657257,710.0157526514794,717.4327008836385,725.3096685274086,733.5632568439026,742.1106460260191,750.8695061015471,759.7576664723726,768.6931767729693,777.594130035191,786.3777464608127,794.95999866694,803.2572908230154,811.1895164638762,818.682598508361,825.669934251576,832.0938343758494,837.907621849981,843.0774757576283,847.5832892860332
58.74474058299984,951.9497015589324,931.5427831260508,911.2531620906653,891.1980417143709,871.4930746479605,852.2513556652016,833.5818670084242,815.5879157528209,798.3672373170183,782.0127774705574,766.6119734594976,752.2453937936763,738.9861407988819,726.8991519589763,716.0400460643234,706.4544573479847,698.1778409153656,691.234825046669,685.6381939307274,681.3885750617646,678.4748822167745,676.8746805426318,676.5541101534925,677.4678043779402,679.5597086366826,682.7649372250632,687.0116371521412,692.2224193250363,698.3161796957319,705.210138041345,712.8208343428945,721.0640440822434,729.854667717242,739.1072213960612,748.73637538585,758.6567725887161,768.782598050594,779.0275324311283,789.3044607640245,799.524435219172,809.5961732195228,819.4276039084905,828.9287884302933,838.0143183438862,846.6046158556203,854.6272259716334,862.0187676478624,868.7266303526455,874.7099877739245,879.9410363374235
58.92848506300015,886.5570313458514,870.34615508318,854.1981881848817,838.2159493280316,822.5031340061342,807.1624155884615,792.2935562030035,777.9932021699062,764.3553766785542,751.4704904437602,739.4237297973477,728.2942260546963,718.1541417644769,709.0673193096115,701.0884343810324,694.2626368767878,688.6247539762425,684.1981380571171,680.9942327487577,679.0129070663281,678.2427231585228,678.6607730594116,680.232519569585,682.9125462368467,686.6463527111085,691.3721636430026,697.0223104557782,703.5250076767815,710.8063506014918,718.7912733941555,727.4034281246027,736.5650392256554,746.1973597043757,756.2211749056889,766.5565855791584,777.1225405898698,787.8367517378601,798.6153615762099,809.3718625677203,820.0165486335303,830.4580118656278,840.6060097220009,850.3738069661403,859.67941606677,868.4468262844398,876.6078887489273,884.1039442747401,890.8867660914043,896.9198356797828,902.1802165561955
59.11366933799991,872.8443812913459,856.685031747744,840.6690009960495,824.9028087330171,809.491726287471,794.5378923256312,780.1401146901659,766.39437084577,753.392827466215,741.222238437777,729.9631249555572,719.6888731752672,710.4643947592881,702.3452927247154,695.3775150463546,689.5965706779541,685.0263905849217,681.6789070181735,679.5544009196236,678.6417829460476,678.9184434631748,680.3501066022939,682.8915933213808,686.4886297206018,691.0796687591205,696.5972846812166,702.969961816284,710.124104502622,717.9850072135091,726.4767453559699,735.5220411927371,745.0427311809211,754.9602804793147,765.1955763205796,775.6684705258477,786.2977035528928,797.0005808839454,807.6918999974284,818.2834088689175,828.6853086521162,838.8091257236704,848.5700572043124,857.8882135082438,866.689847968358,874.9092406469568,882.4903228696585,889.3876144344182,895.567491447283,901.0099451986587,905.7095039995467
59.297685227999864,834.3279348510245,819.9267474593851,805.7452402732823,791.8783755190469,778.4197586084061,765.4612973793912,753.0935644055681,741.4046835538697,730.4786005725816,720.3941417662552,711.2239964857763,703.033268934671,695.8785417689236,689.8074339301737,684.8577272892995,681.056144543042,678.4178513866996,676.9467325984563,676.6356072259663,677.4660178963867,679.4080289830362,682.4209381887839,686.4550373964994,691.4533905211489,697.3531872507878,704.0874939159319,711.5872278115893,719.7820936278025,728.6004420427752,737.9691045221938,747.8138302238136,758.0597703801321,768.6312414944844,779.4512372881593,790.4413214735604,801.5212718699976,812.6079738464463,823.614843809198,834.4532951934744,845.0355719900339,855.2770538087868,865.0974559667529,874.422014633028,883.1833241790602,891.3229133682727,898.7921324952857,905.5533696511529,911.5817568242704,916.8660728528262,921.4084403684996
59.4817308669999,843.8542131416439,828.5176609367394,813.4394865481114,798.7312344885277,784.50075693116,770.8526909957405,757.8874624428297,745.6996742499618,734.3772829818342,724.0006976904665,714.64144599557,706.361349102273,699.2121875961067,693.2349321021753,688.4586208609869,684.8999569440792,682.5636745261894,681.4428392580534,681.5187176784299,682.7606503719825,685.1268334552174,688.5661443045939,693.0199793603956,698.4236630218168,704.708249024601,711.8025407958983,719.6340696264269,728.1289909078189,737.2119526782753,746.806562577319,756.835898783259,767.2222964657766,777.8868798821153,788.7494723744383,799.7282549572508,810.7386716397127,821.6928623480753,832.5011360403483,843.0748091620977,853.3285135474337,863.1813973382829,872.558309023816,881.391631800902,889.6228549256634,897.2034541861644,904.0960996766133,910.2763515715097,915.733550889971,920.4704039642729,924.5019850496451
59.66659081800026,732.0096542526926,723.7637629341417,715.7866343534937,708.1395658835444,700.8883272814649,694.1015565645872,687.8485577175949,682.1979061141564,677.215998758032,672.965195813976,669.5024965073688,666.8787321044942,665.1373505287855,664.3128747740745,664.430107627991,665.5041316325487,667.5402685929372,670.5336326306464,674.468710367296,679.3198715526574,685.0529446610146,691.6268238033696,698.9946644119797,707.1054874781671,715.9060171960541,725.3414891970172,735.3553879711621,745.8891660868902,756.8825697115973,768.2740144575846,780.0002415974315,791.995723363108,804.1924482582707,816.5194558423998,828.9016180108508,841.2589466363086,853.5079392965332,865.564287514261,877.3450510462909,888.7697213959042,899.7612644320301,910.2478092907802,920.1640704104882,929.4520752311256,938.062216372888,945.9547898744964,953.100727625625,959.4810241282669,965.0859541326131,969.9154082687617
59.85034963199996,760.385570524271,750.1952135425242,740.3001356002057,730.7911300654956,721.7588809773792,713.2919687993941,705.4756828781395,698.3907759170047,692.1118053782857,686.7060035540445,682.2326578791757,678.7420750857596,676.2742105683877,674.8580348305745,674.5116854287668,675.2425683320077,677.0470424039232,679.9101203943237,683.8060896330556,688.7001868964343,694.5502937967976,701.3082102023654,708.9213255584967,717.3345130854234,726.4909841857092,736.3320618270002,746.7969256969121,757.8229538320511,769.3461049549685,781.3005717822836,793.6181742458972,806.2281237932882,819.0565284721274,832.0251360818096,845.0505955306112,858.0457484147964,870.9222755594486,883.592802399454,895.9718867493651,907.9769792596766,919.5300241957946,930.5587879056238,940.9974880836858,950.7877432945087,959.8800050637632,968.2341814889369,975.8189534209957,982.6108807885154,988.5948125292729,993.7658627159284
60.03466309700025,777.0622033016664,764.9634922692852,753.3081812163947,742.1987483400956,731.7334800021449,722.0054750835218,713.1015841426404,705.100927558675,698.0739338275122,692.0818791534826,687.1760016326125,683.3962712059764,680.77088716051,679.316551586383,679.0386827747753,679.931202390459,681.9763299857837,685.1452882700506,689.4000538593405,694.6951201376006,700.9788300349406,708.1950989052306,716.2853527957976,725.1894197621322,734.8453333106622,745.1891010783477,756.1550637546015,767.6762887722675,779.6842293116183,792.1081178267643,804.8747255141295,817.90785766805,831.1270824325147,844.4469733016508,857.7783775879877,871.0310357915268,884.1156559339703,896.9448665879469,909.4341390779266,921.5033466695236,933.0780482983196,944.0900701399654,954.4784046909157,964.1905898920561,973.1832774926436,981.4214919783573,988.8776779391326,995.5320496830711,1001.3745350041621,1006.4067695977946
60.21961992100023,755.3810774932281,745.0962223957619,735.2500910033132,725.9432445604867,717.2717051266874,709.32578733012,702.1885185229331,695.9345881887898,690.6298073883517,686.3301511475614,683.0804645507083,680.9139038799539,679.8521607615955,679.9056328461783,681.0731743968106,683.3418598928912,686.687663607906,691.0771894379917,696.469417173047,702.8170225886266,710.0680911258637,718.1680500514229,727.0605563645324,736.6872991638022,746.9877692280725,757.8996204782532,769.3590675242305,781.3005495338234,793.6561293415307,806.3552589399623,819.3242810366479,832.485163936708,845.7547498687497,859.046028750496,872.2707621168469,885.3415610761137,898.1728418369495,910.6817491063251,922.7897150096665,934.4237409293386,945.5169754189769,956.0096077296178,965.8502393576947,974.9964427018543,983.4140080543523,991.0759767180048,997.9629739847354,1004.0651338289657,1009.3840081107498,1013.933031614606
60.4036841850002,670.1556475749545,665.9820008257839,662.2271030973073,658.952709346473,656.2207743262934,654.0913742829882,652.6211746158548,651.8624264329156,651.8615665976721,652.6575033050678,654.280659431037,656.752822184081,660.0869628564366,664.2866600565854,669.345559307153,675.2477715434627,681.9693441939779,689.4797702929499,697.7430921400216,706.7194183105358,716.3666778651271,726.6413479205519,737.4981121442318,748.8895017462844,760.766142438669,773.0770503632937,785.769206029593,798.786873998069,812.0712982950545,825.5601421147593,839.1861679800218,852.8764374333927,866.5535412577751,880.1381840050373,893.5512258111307,906.7146042137946,919.5522255109045,931.991492615594,943.9645561796582,955.4088615912688,966.268010907568,976.4931017357893,986.0432518353427,994.8848104370707,1002.9903539291987,1010.3389795959965,1016.9181893072669,1022.7257560969518,1027.7701799271933,1032.0702073935565
60.58762911900021,709.8213244825837,703.0320741177347,696.732814330142,691.0121669357605,685.953375164594,681.6330470001426,678.1204220708737,675.4762348298647,673.7512544754144,672.9855725212784,673.208685435346,674.4395352382259,676.686140719397,679.9452515924561,684.2029277045633,689.4361766855087,695.6146152985349,702.7017109117052,710.6564218757271,719.4350607043389,728.9921163206742,739.2799930773915,750.2487183047165,761.8462420640069,774.0187723380985,786.7103749448884,799.862306169476,813.4127083694212,827.2960373877345,841.4417182328016,855.7733083950033,870.2096801099858,884.6675456736951,899.0634291347807,913.314507453375,927.3394110695637,941.0596512826988,954.400761706259,967.2927269549211,979.6707182426219,991.4762986019651,1002.6578072842933,1013.1694252260104,1022.9700202355164,1032.0232867205102,1040.2994731303106,1047.7770914850144,1054.4432168927476,1060.2931776985047,1065.3312174485905
60.77632209300009,670.5295264758539,667.0100817632982,663.9646117547189,661.4660434803043,659.5831786264232,658.3797237140301,657.9129278274779,658.2319088693424,659.3767395825427,661.3783409208188,664.2583456695327,668.0285648507378,672.6904889925169,678.2357260336108,684.647508816307,691.9022369220019,699.9706086973104,708.819161633616,718.4120443312165,728.7117556138829,739.6788077798514,751.2713650051937,763.4454798295918,776.1553702052347,789.3529656477064,802.9871897449578,817.0036085530699,831.3438130056237,845.9440311105373,860.7342486454354,875.6393490335342,890.5815959118594,905.4825611627518,920.2639209856432,934.8482094870712,949.1601967756447,963.1279784674616,976.6833494592912,989.7624814135988,1002.3070665008312,1014.2646368684854,1025.587561713598,1036.231820690917,1046.1570686476018,1055.3282851300173,1063.7174034121035,1071.3035274382055,1078.0725379368628,1084.0178143177488,1089.1422067370315
60.96039660699989,638.4944382246731,637.3788792739692,636.8010293138217,636.8130274343577,637.4642027164986,638.7995371637605,640.8578207878758,643.6705712333703,647.2617664862141,651.6475543681441,656.8355720006548,662.8243078333616,669.6034084007065,677.1550630440363,685.4554315407755,694.4756705904844,704.1833773477855,714.5442731953561,725.5228632287624,737.0820282972032,749.1826004336302,761.7835443878545,774.8421874988657,788.3137261777453,802.1504759711801,816.3014944332701,830.711944619539,845.3216946545703,860.0644317541463,874.8688010471108,889.6608923660672,904.3661774293481,918.9103196365039,933.2199455935314,947.224044984504,960.8550853151414,974.0494139937299,986.7479667873284,998.8974447756857,1010.4506688297022,1021.3656130256315,1031.6042152358702,1041.1324793664526,1049.9221621333536,1057.9524385374398,1065.2101538017046,1071.6894623550902,1077.392579756726,1082.3315844051579,1086.5293010122484
61.144334250000156,634.5987440426511,634.6481161938444,635.2084403558555,636.3350092937034,638.0789206551248,640.4851877519998,643.5916210629222,647.4285284275228,652.0183970529433,657.3751899315847,663.5036886788846,670.3997843702084,678.0518490318827,686.4421521504652,695.5478775780434,705.3425584582386,715.7977528083985,726.8836946804696,738.5688772045323,750.8196178183864,763.6002278775779,776.8732283747006,790.5988395449191,804.7342108475704,819.23302008727,834.0448090419121,849.1135506224446,864.376725541334,879.7664184565677,895.2117564110087,910.6407916732786,925.9812509236918,941.1612396653073,956.1105682888133,970.7617861832525,985.0504962857364,998.915969104554,1012.3022184114109,1025.15824778852,1037.436969695581,1049.093895656267,1060.0871125086126,1070.3788382123118,1079.9369521119484,1088.7351083093279,1096.752233781604,1103.9731383670344,1110.3901748795633,1116.0042896848715,1120.825377585686
61.333232927000154,609.523964501479,611.9714282318062,614.940435025207,618.4713809576676,622.6005614536599,627.3588877144799,632.7714276917055,638.8569353724057,645.6270014675107,653.0852578645327,661.2275376498037,670.0431234677782,679.5160485925649,689.6260060105042,700.3496829801325,711.6623434773214,723.538393160326,735.950882819548,748.871000232799,762.2681722018169,776.1102180510086,790.3627818945585,804.9885096737972,819.9465992284574,835.1920902625105,850.6743887204276,866.3363030436578,882.1151017729461,897.944914824752,913.7585800696367,929.4883566945618,945.0665937876838,960.4270201563062,975.5057413787299,990.2415161220191,1004.5763304325607,1018.4564319047722,1031.8325326641507,1044.6586826248592,1056.8909114653877,1068.4871541635828,1079.4087535384256,1089.6219347141034,1099.097860243173,1107.8120676813762,1115.7450169694678,1122.8836862000041,1129.2225565075148,1134.7639872422726,1139.5191741352753
61.517384480000146,619.0265970921788,622.2611187638153,625.9535310090312,630.1519952053286,634.898599934384,640.2288950223858,646.1714214253421,652.7468690801234,659.9672941758369,667.836296807524,676.3502909988268,685.4998307485704,695.2705467385587,705.6445105638342,716.6018483419889,728.1213378362345,740.1799446053177,752.7523466946982,765.8110692807186,779.326670224034,793.2672035500501,807.597426603231,822.2783789143563,837.2666994445716,852.5131765502755,867.9618079893604,883.5508803053203,899.215389806348,914.8889066721111,930.5043035891131,945.9944372847008,961.2934489129775,976.3377692458598,991.0664006627394,1005.4214946152513,1019.3493864497905,1032.800796508619,1045.729698961727,1058.0919568124232,1069.8452379252892,1080.9505055397508,1091.373478210101,1101.0846679445958,1110.0587983838782,1118.2753304352261,1125.7200340169506,1132.3859467449831,1138.2737208349636,1143.392527912629,1147.760971822816
61.701518201,555.1877421038973,563.2936263747813,571.8779080056154,580.9474997725772,590.5081747357789,600.5636971983419,611.1145899750462,622.1569717375331,633.6823672830997,645.6786242065434,658.1309007645251,671.0222803786475,684.3348301530617,698.0509255132166,712.1535751142524,726.6257013364457,741.4494255021837,756.6059786856854,772.0756783928623,787.8371973325777,803.8665891314487,820.1366980563862,836.616318370526,853.2685965807932,870.0499527788874,886.9110292742675,903.7989875920144,920.6592542298696,937.436135454343,954.0733884133433,970.5154134649562,986.7081526712462,1002.5992655054899,1018.1385995735227,1033.2791174351469,1047.9769877387846,1062.1903415129561,1075.8777915582616,1088.9982294089336,1101.5121930780927,1113.3832004199198,1124.5776569266004,1135.0641400101106,1144.8137875718053,1153.8017300896104,1162.007907832036,1169.4172754640636,1176.0205649571099,1181.8153882379602,1186.807460460878
61.89008276300001,568.0926482518556,576.4309412973142,585.2262982779017,594.4912651090023,604.2359837301508,614.4669864607197,625.1860618470524,636.3900942902889,648.0720104079555,660.2217964211181,672.827141541617,685.8745242867916,699.3505634005313,713.2423671194447,727.5368357074981,742.2199660129619,757.2767785496424,772.6913070201625,788.4458761510616,804.5201323473195,820.8904538920988,837.5291059846473,854.4026335475585,871.4707676842041,888.6873536709211,906.0026212511879,923.3648973307319,940.7211810708798,958.0176683908641,975.2008905315131,992.218551405858,1009.019634590579,1025.554797599011,1041.7772144025785,1057.6425743427571,1073.107738261831,1088.1291498451465,1102.6625167665502,1116.664055057363,1130.0916918326413,1142.9048355988382,1155.063516716998,1166.5286264790209,1177.2631948251674,1187.2330492679948,1196.4068584156096,1204.7567323207195,1212.2591626059868,1218.8964495909001,1224.659440348318
62.07446226899992,559.469709855323,569.6422588276406,580.2189674237346,591.2076111945098,602.6136808130907,614.4391327837831,626.6821202519388,639.3378368572826,652.3994378097595,665.8585929569599,679.7064884812612,693.9350985408423,708.5374601611028,723.5069058073788,738.8363018470299,754.5179128103196,770.5433307346497,786.9026947939146,803.5836650233814,820.5707761449142,837.8445360460386,855.3797610913834,873.1444233867138,891.1005171169433,909.2062639651105,927.4177569596817,945.6894620106323,963.974663429289,982.2265173966035,1000.3987974529525,1018.4459022541732,1036.3231426771083,1053.9874687450622,1071.397344089717,1088.5112684338828,1105.2860458370724,1121.6763131504554,1137.635622075243,1153.1174700649256,1168.0748895501465,1182.4593984789135,1196.2210412288941,1209.3094607173866,1221.674345288086,1233.2652550169828,1244.032001168398,1253.925363531324,1262.8982949364504,1270.9089832931793,1277.9256827622485
62.258167418000085,553.5303155731532,565.1370113381108,577.1604982030076,589.5954292368954,602.4342243675487,615.6667063611873,629.2808512267889,643.263617999768,657.6014133466471,672.2810082067183,687.2907282761536,702.6206520537031,718.2617712202732,734.2051618377608,750.4417864964323,766.9623668640676,783.7565519618208,800.8118460601775,818.1129222473356,835.6406862397963,853.37058260249,871.2714184631633,889.3062117853339,907.4343841303115,925.6133971614323,943.7992520401903,961.9469378826159,980.0114930982695,997.9487635267195,1015.7154274413344,1033.2693043109725,1050.5701075778763,1067.579348934831,1084.2588943286885,1100.5692691484526,1116.469226731053,1131.916873232419,1146.8707437211085,1161.2894385494415,1175.130622526183,1188.351115429683,1200.9080141155705,1212.7591891684183,1223.8631600471754,1234.1795216954479,1243.6697065149779,1252.2982300946767,1260.0357900461827,1266.863902778753,1272.7783374626385
62.44345031700004,569.4669029130284,580.692494360575,592.3610561932596,604.469605140646,617.0123030035822,629.9812744777887,643.3675006188715,657.1613430032774,671.353515425995,685.9363245716902,700.9039130109835,716.2514589234495,731.9743806545586,748.068165846641,764.528264193753,781.3492687254426,798.5238490743856,816.0420623221556,833.8904055147332,852.0501015170521,870.4958927744937,889.1968495119623,908.1185117532876,927.2244638560164,946.4767601475845,965.8362872676736,985.2637264825943,1004.7201993450406,1024.167166251732,1043.5665943068527,1062.8815543132991,1082.07595399794,1101.1129073950217,1119.9528376326837,1138.552827149512,1156.8675084083168,1174.8498901299538,1192.4507284353713,1209.6172459439397,1226.2929281063073,1242.4183380064426,1257.9312938312469,1272.7664145033332,1286.8552083201373,1300.1264907265331,1312.5072822300378,1323.9255588459903,1334.314543393647,1343.6166863436129,1351.7874348149412
62.62735496100004,531.6132982228747,546.2311085980461,561.2976960896599,576.7799253373719,592.6466224142662,608.8691971725043,625.4218999835178,642.282531538207,659.433428647841,676.861460604915,694.5569914401599,712.5128568674206,730.7239761128102,749.1870379272239,767.8994857494251,786.8582653690106,806.0589604281745,825.4946794660196,845.154185670625,865.0205433017869,885.071786623662,905.2829299659123,925.6274167844646,946.0774254363664,966.6041163661562,987.1784830374362,1007.7718890368127,1028.355859952838,1048.9021454944047,1069.3832107434685,1089.771862747338,1110.0395115097044,1130.154161806316,1150.0796490891735,1169.7764118496618,1189.2021948436022,1208.3112920344622,1227.0531318701685,1245.3719338503558,1263.2073774209287,1280.494627333104,1297.1637210513938,1313.1394933067281,1328.3418243537249,1342.6863635670097,1356.087101599427,1368.460480484301,1379.729191685588,1389.8261731652844,1398.7001667041752
62.81128952100016,567.6669021663346,580.8856909739764,594.5700536019717,608.6984125264325,623.2501238958151,638.2058948718209,653.5486478511632,669.2646539038503,685.34366950614,701.7780315335526,718.5617590321632,735.690281776115,753.1602347954611,770.9685437892433,789.1112647734499,807.5828033464533,826.3748773541942,845.4747142259004,864.8637570689104,884.5183855012743,904.4119699884474,924.5163577063571,944.8022077958448,965.2392608523435,985.7972051241327,1006.4462219770982,1027.1567793491115,1047.8996887678747,1068.6465849252838,1089.3695341009645,1110.0392705718837,1130.6231575036797,1151.0843856515871,1171.3827023025094,1191.4750649229288,1211.3148284351946,1230.8502688131123,1250.0241720434778,1268.7744296002832,1287.033984704899,1304.730135125925,1321.784367824533,1338.1125122621709,1353.6253643199193,1368.2311544320673,1381.8395497703032,1394.365341020751,1405.7323254557207,1415.8789218965226,1424.7635971440632
62.99617968099983,564.4733774988093,579.3583483956248,594.6802300618401,610.4070834781207,626.5096195610472,642.961955030559,659.7426400664738,676.8346926525304,694.2245952930317,711.9013032488383,729.8558848470926,748.0812335217713,766.5710769076576,785.3187466873794,804.3163348734847,823.5536005630032,843.0161186521135,862.6839447831103,882.5323026572756,902.533612609998,922.6589595786503,942.8784184170365,963.1613214713143,983.4771309449231,1003.7959986479685,1024.0885818744434,1044.3261309828347,1064.4810076542146,1084.526340078048,1104.434314133133,1124.1741969584534,1143.711606104493,1163.0093165170063,1182.0279995895928,1200.7255029233118,1219.055473136064,1236.9670503477794,1254.4055749859306,1271.3126505911368,1287.6255676813862,1303.2772631731596,1318.196601245222,1332.3091265282203,1345.5396620096549,1357.8164401189,1369.0749159920722,1379.2617728936389,1388.3406534719338,1396.2972023677632,1403.1398293051354
63.18061339399992,631.6188247681799,642.5697623633912,654.0305666503579,665.998108457344,678.4686188511312,691.4390986665695,704.907720709944,718.8731785956853,733.334029943549,748.2886533443964,763.7352578478435,779.6711696036742,796.091858851591,812.9903325961503,830.3562567953594,848.1742994558481,866.4229689064396,885.0754534596726,904.101781493848,923.4704002684942,943.1485916434266,963.1028098563637,983.2996041420141,1003.706209052262,1024.2903714891618,1045.0204302959037,1065.8658076497234,1086.7966187778313,1107.7818993380836,1128.7875471411198,1149.77549170002,1170.7043841760799,1191.530202303983,1212.2053793226705,1232.6772596962533,1252.8876107601034,1272.7731315286821,1292.2653030367564,1311.2895860825474,1329.765141818907,1347.604862184764,1364.7158623471962,1381.001809034788,1396.3667749459782,1410.7187702040635,1423.9734630859598,1436.059626256463,1446.9238969123435,1456.5318998264129,1464.8679431979572
63.36450145500021,608.7834169005865,621.9093143262694,635.5730584332355,649.7532121925228,664.4319250544117,679.5951775278977,695.2319724009875,711.3335214652382,727.8930480572772,744.9056448579389,762.3674120653081,780.2743394316908,798.6215576215918,817.4023226776147,836.6062247969237,856.217895363871,876.2177179986295,896.5838620933673,917.2937364884393,938.3242807107129,959.6521781049203,981.2546527524308,1003.109932095684,1025.196943297424,1047.4952581680163,1069.9854448757717,1092.6485319276567,1115.4640827367514,1138.4079764496948,1161.4514075527582,1184.5613959087498,1207.7012009584319,1230.829248346646,1253.8973710925798,1276.8500938943503,1299.6249013993554,1322.1518345678485,1344.3524209372933,1366.1391143793262,1387.4150317187884,1408.074139019875,1428.003262339403,1447.0856143632031,1465.203989471907,1482.2441414104262,1498.0998821437056,1512.677493089227,1525.8965009698893,1537.6898653389053,1548.0081167902476
63.549569777000215,643.2695986741616,655.1990622294904,667.6799099745112,680.7047870747024,694.2685076521933,708.3673987408386,722.9986347869261,738.160182323199,753.8507936981051,770.0692745310592,786.8134880388689,804.0797214342208,821.8617780043379,840.1492859603667,858.9264979477924,878.1730869699195,897.8662572270945,917.9822675863712,938.4967851898782,959.3851536363825,980.623237745712,1002.1879269461251,1024.0568654377453,1046.208424087676,1068.622072389273,1091.2778560832237,1114.154478857897,1137.2270838928775,1160.4662478439036,1183.8384789898178,1207.3066133329778,1230.82871696153,1254.3562968333124,1277.8335486062647,1301.1975823786804,1324.37797049919,1347.2956232909664,1369.8621683278968,1391.9796206921376,1413.540497097687,1434.4297487853353,1454.5282047428182,1473.7156779739028,1491.8742492155545,1508.8932669661815,1524.6736553601277,1539.12858255014,1552.183537150508,1563.7804565223762,1573.8839921776091
63.73353721100011,696.856243968099,706.3514624618011,716.4377868749551,727.1290448030162,738.4372648481467,750.3722763805213,762.9419120401723,776.1522506775157,790.0071244782123,804.5073527279893,819.6503269422437,835.4293106846758,851.8319450536422,868.8392337673962,886.4265137756659,904.5657301930097,923.2271136625636,942.3796781383029,961.9916240718461,982.0313096232912,1002.4678725917684,1023.2710719084484,1044.4113643602618,1065.8603756021218,1087.5904717835508,1109.5729309291544,1131.7758105438304,1154.1630247245519,1176.6949231516212,1199.3287663640347,1222.0177061939874,1244.7090740329447,1267.343706005633,1289.8562462983507,1312.174773108992,1334.219753287996,1355.903501442667,1377.1299309716555,1397.7947498468702,1417.7874758686255,1436.994962648521,1455.3045886170976,1472.6076228937077,1488.804306177244,1503.8082373383158,1517.5471173623469,1529.9628970191238,1541.0159706912693,1550.6910718395811,1558.9991323529964
63.91751393699997,700.9493584446491,710.7720987853047,721.2350746913795,732.3500174135727,744.127003126461,756.5746733162315,769.7004923168136,783.5102656644897,798.0073815977984,813.1924002444586,829.0623535814964,845.6092468538432,862.8190350338117,880.6725798451837,899.1479056894926,918.2218520724115,937.8705399565831,958.0697364164007,978.7957795579116,1000.026145701008,1021.7392269302424,1043.9143339133432,1066.5320822492238,1089.5738678554417,1113.019929706548,1136.8470955630946,1161.0277231490043,1185.5301283443787,1210.318894023492,1235.35366768304,1260.5872498634972,1285.9647018476903,1311.4234133866235,1336.8924745396064,1362.2913574554295,1387.5290837859661,1412.5036653046025,1437.1019708660688,1461.2013949951797,1484.6730201935286,1507.3844264006243,1529.2026629248687,1549.9989228545842,1569.6525128912347,1588.0511729633893,1605.0907951920349,1620.679188359916,1634.7415476477152,1647.222915364475,1658.0896361541666
64.10613845599983,718.2583309147643,727.8178688996114,738.0828166881695,749.0631963602102,760.7670619829453,773.2008309393913,786.3688712071176,800.2728070079473,814.911167500486,830.2787417622524,846.3651309321971,863.1537713013588,880.6229340958491,898.7480205210009,917.5032499026521,936.8621585931594,956.7979942587649,977.2846677494525,998.2973447805022,1019.8122457557093,1041.8066688442734,1064.2593947733062,1087.1501790314176,1110.45782996395,1134.1579685508166,1158.2219824564797,1182.6174660302859,1207.3085399761926,1232.2546589032675,1257.4087088021454,1282.7161229489984,1308.1149569787572,1333.535267179855,1358.897797775272,1384.1131527915354,1409.0812399700822,1433.6911397108706,1457.822774160098,1481.350068326257,1504.143756427016,1526.0743485192565,1547.016797130638,1566.8544565147288,1585.4793885406236,1602.792064413488,1618.7051079793014,1633.1487399535686,1646.0732083567136,1657.450046125606,1667.2747300761387
64.29048138100006,709.6844684619099,721.2378076895329,733.4666027394575,746.3734344781359,759.9606934232745,774.2300558153953,789.1816825799805,804.8137661062699,821.1217882297003,838.0969803244514,855.7252592339574,873.9881446366578,892.8649761899353,912.3345279910207,932.3754376611679,952.9665342511938,974.0877267002124,995.7205345628829,1017.8478287825383,1040.4537970365743,1063.5242915028887,1087.0462641075048,1111.0057870817782,1135.3857539564215,1160.1647729119763,1185.3175434933257,1210.8151097416007,1236.623597300005,1262.7022359009122,1289.0023951215294,1315.4675735661508,1342.0326849815533,1368.6226465705658,1395.1514446602553,1421.521464797632,1447.6232389548434,1473.3369847318947,1498.535628312737,1523.0874643562433,1546.8589679736788,1569.7192987440903,1591.5440897708238,1612.215576334388,1631.622114061284,1649.6617332805006,1666.2473900380928,1681.3092004128428,1694.7955007102328,1706.6756568297644,1716.9428796507857
64.47422548800023,718.1874749956686,731.0245884555037,744.4748381622912,758.543736362749,773.236259695126,788.5560033991586,804.5046887515211,821.0813867975671,838.2809489606385,856.0929179258129,874.5024240613018,893.492385385675,913.0451082861343,933.1427059634266,953.7674184748919,974.9024957860101,996.5327252301548,1018.6441708446989,1041.2241388073242,1064.261526525642,1087.7462601514296,1111.667318065787,1136.0104351869063,1160.7569997508197,1185.8844333094523,1211.3664467417502,1237.171779582217,1263.2622238271674,1289.5916598638828,1316.1060444434233,1342.7426939712047,1369.4288681528785,1396.0808289296936,1422.6031615596398,1448.8885103160346,1474.8191034884414,1500.2697592468116,1525.110525364982,1549.209467780863,1572.437147783499,1594.6703806841351,1615.7923303981217,1635.6919897493817,1654.2676930849047,1671.4323216126093,1687.115488079541,1701.2645433768612,1713.8473284157506,1724.8548587639414,1734.3023359864203
64.65919681200012,747.600620160374,759.8089758270929,772.6431920746126,786.1186176013207,800.2479132954703,815.0406719531055,830.5027518798171,846.6348142236242,863.4313368024125,880.8816091464051,898.9720263022818,917.687778214693,937.0133513346822,956.9329260556482,977.4313311638656,998.494636520293,1020.1099512925981,1042.2654418397606,1064.950726703157,1088.1563533936526,1111.8718544524113,1136.0834775780704,1160.7731014181347,1185.9186277205554,1211.4942425952863,1237.4691541454456,1263.8056075844615,1290.457905441401,1317.372372733997,1344.4866103454483,1371.728041609812,1399.012927015544,1426.2456338703805,1453.318313401739,1480.112360000421,1506.5013442172105,1532.3535725890913,1557.5347893916428,1581.9125602730578,1605.359930846228,1627.7554149477571,1648.9823627296184,1668.9323556067122,1687.5102890016185,1704.6364301345036,1720.2472941899848,1734.2982630765082,1746.7661352774949,1757.650140796434,1766.9721525156062
64.84354015400004,742.101487796043,756.3090442413463,771.1217943557059,786.5445858060574,802.5805888893304,819.2305106549674,836.49101735294,854.3536384530167,872.8056573307625,891.8323064447359,911.4183640109612,931.54856893614,952.2079376523678,973.3826440207337,995.0605434465629,1017.2309084038565,1039.884389308852,1063.0133579989272,1086.6113382787355,1110.6710207584747,1135.181956503239,1160.1294408005642,1185.494877437727,1211.2560159235,1237.3856685908243,1263.8497083677514,1290.6060744859176,1317.6047256708073,1344.7868837136814,1372.083572093969,1399.414624226748,1426.6879478454393,1453.7991976632911,1480.6332306937916,1507.067035515376,1532.9722882366789,1558.218049942574,1582.6751452646145,1606.2198148454254,1628.7336961044136,1650.1031821750018,1670.2228057478212,1689.000308479898,1706.3586829451237,1722.2370301949898,1736.5931568936319,1749.4061002879978,1760.6771147919349,1770.4296892493926,1778.7087568082777
65.02725159600004,739.1470097439662,754.4436956161493,770.3970240285782,787.001077153696,804.2489674299645,822.1312077605633,840.6345604461827,859.742870519743,879.4392017515889,899.7073726523729,920.5323094387091,941.9002996961113,963.7998078921637,986.2219337679645,1009.1600805963278,1032.60984694936,1056.569298852324,1081.0383263307888,1106.0165810521123,1131.5010889942776,1157.4850488083523,1183.958105577917,1210.90649168251,1238.3116409428726,1266.1480760546117,1294.3822957863042,1322.9726006908295,1351.8681994430997,1381.0075997068952,1410.3174573726938,1439.7116699909502,1469.0908659205609,1498.3436630265019,1527.3493877605474,1555.9804070428063,1584.1045875182012,1611.5894217785717,1638.3054144422324,1664.125782819236,1688.9255225766608,1712.5844859316353,1734.9921341016811,1756.0492523617368,1775.6684724847307,1793.7765286016474,1810.3164372087247,1825.2481379938467,1838.548167898824,1850.2092923461626,1860.241820479051
65.21160352000015,752.5249695735437,768.9341038589944,785.9399235246427,803.538499366731,821.7234032731604,840.4845245414729,859.8088750424038,879.6827012093049,900.092999888513,921.0278547219702,942.4766765030647,964.431008366881,986.8849765541732,1009.8349534528166,1033.2794462793443,1057.2193680026885,1081.6573942478424,1106.5959026168478,1132.0345881021092,1157.9692650057589,1184.3921448210995,1211.2919815407815,1238.6526903316417,1266.4512393491125,1294.6565409372506,1323.2292807365432,1352.121026589003,1381.2726209222903,1410.6130302362187,1440.0584372998942,1469.5117273653177,1498.8637420199705,1527.9959913035195,1556.7829763007965,1585.0946365834016,1612.8004618935379,1639.7728607706363,1665.8868406648837,1691.0190497766341,1715.050827984748,1737.8729284416788,1759.387198048347,1779.5070614676345,1798.159734615918,1815.2883582888219,1830.852588550785,1844.828216295965,1857.2067399378618,1867.9965429113868,1877.2254857343667
65.39622168799997,764.5261192561709,781.621875618386,799.3279715640415,817.6345363827339,836.5284060102446,855.9939170677644,876.0150066827968,896.5767153750984,917.6655098934101,939.2695096257195,961.3792775946217,983.9882568973264,1007.0924193854881,1030.690140011392,1054.7824534803663,1079.3723969600437,1104.4629352732666,1130.0545622168077,1156.144088365907,1182.724904747341,1209.7871137540817,1237.3161331329131,1265.2905726937379,1293.681109848183,1322.4503023483699,1351.5516799526774,1380.9281185276782,1410.510670028775,1440.217633780401,1469.954020169469,1499.612780179638,1529.077491195881,1558.2246510973866,1586.9260948210442,1615.0530726056363,1642.4795824433409,1669.0820111213118,1694.7381339469423,1719.3301203940823,1742.7492071457557,1764.8973266718442,1785.6875359582045,1805.0461713212644,1822.9149200010495,1839.251345246557,1854.0284374386151,1867.2341154045773,1878.872329871205,1888.9655502003945,1897.5559890638212
65.58049894800024,759.7797183148344,778.8160099385489,798.4690636544635,818.7106041051161,839.511631270038,860.844396110978,882.683780331263,905.007498222879,927.7962051703128,951.0341746386491,974.7096252019123,998.8142649942993,1023.3430674994523,1048.2944357170184,1073.669458776376,1099.469757672002,1125.695013946716,1152.3416918106045,1179.403243156595,1206.8701868805274,1234.7286683338416,1262.9582985211093,1291.5309990843798,1320.4107913539094,1349.5528710779884,1378.901972206296,1408.3911930155293,1437.941069826283,1467.4590492352688,1496.8407320829015,1525.9725793594791,1554.7342318216822,1583.0009572334402,1610.647764148844,1637.5527744441818,1663.5969086319956,1688.662933666844,1712.6385200579991,1735.4209693000157,1756.9188992477345,1777.0527314879525,1795.7569060200399,1812.9820132537186,1828.695379284735,1842.8806761663473,1855.5374804242115,1866.6824307692557,1876.3517650711908,1884.6022138875046,1891.5088813136442
65.76422551399992,740.6927058535229,762.4356037006079,784.8027681573437,807.7420197312911,831.2055691653072,855.1512001270193,879.5422745387127,904.3476467090444,929.5421494320864,955.1067347112997,981.0278373739089,1007.2969761720742,1033.910749906503,1060.8699329700655,1088.1771671604101,1115.834343624091,1143.8411853322746,1172.1953193508555,1200.8922300172153,1229.9236984709685,1259.2755276966766,1288.92627860392,1318.846954855967,1348.999977449783,1379.3374517799007,1409.7998998103099,1440.3152419251169,1470.7981786988792,1501.1513451270794,1531.2679268524025,1561.0338895113423,1590.3303344966655,1619.0375194719677,1647.0381353095297,1674.2168930027356,1700.4594698442056,1725.655461338583,1749.7029995962919,1772.5103256616171,1793.9961597556671,1814.091794786807,1832.7431032999377,1849.9109941225545,1865.5708908683393,1879.712156146202,1892.33911319937,1903.473445989289,1913.1549561659067,1921.4395000297845,1928.3964052995775
65.94964845200002,773.5755005380657,795.2019963835435,817.4242082538746,840.1961154422694,863.4763724284787,887.2283782138417,911.4202520643407,936.0253788208839,961.0226064997341,986.3956645800065,1012.1328177669232,1038.226913014543,1064.6745245044965,1091.473693774851,1118.621359248315,1146.1119859836308,1173.9376853694075,1202.0882163573183,1230.5494741905193,1259.30126631317,1288.3161015291075,1317.558930673646,1346.9861803590773,1376.5440830841355,1406.1674768837502,1435.778859630528,1465.287848751848,1494.5924194015452,1523.58161108865,1552.1378543150304,1580.1394308968768,1607.464606628785,1633.995028217537,1659.61543821573,1684.212757337173,1707.6791806137626,1729.9169480183346,1750.840076759082,1770.3748988383095,1788.4623286854983,1805.0600503231485,1820.143159424047,1833.7038313183948,1845.7509374762446,1856.31126062976,1865.432087734583,1873.1821571232365,1879.6497805763736,1884.9396850693245,1889.1690117959308
66.13698096500002,841.2218570636636,859.8395267173611,879.0989240538624,898.9780368151066,919.4559897417902,940.5133345313601,962.132897747161,984.3002682364147,1007.0034915662384,1030.2329856294107,1053.981834791813,1078.2451670672535,1103.0181114810607,1128.2934299955152,1154.0603350812905,1180.3047830321989,1207.0096350985093,1234.1532929572525,1261.7076088373153,1289.6367970550643,1317.8972859554465,1346.4368525820576,1375.19304415094,1404.0920603011502,1433.0478820339567,1461.9617989010137,1490.723708266005,1519.214877410564,1547.3103207817333,1574.8813067732706,1601.7995333841195,1627.9405653285955,1653.1835869347483,1677.4105207742482,1700.5091589965136,1722.3779684527733,1742.9278572217593,1762.0827464776007,1779.78187279621,1795.9820105802626,1810.6581501151513,1823.8032023969179,1835.4276532656615,1845.5608169390723,1854.2534679941086,1861.5788279135236,1867.6307265982834,1872.5204831863578,1876.37262495755,1879.3190290932853
66.32113910299995,874.3038594885857,891.7870617573514,909.9941425516157,928.9065167217212,948.5060010640968,968.7758071430799,989.7011636876947,1011.2691360306957,1033.468656769141,1056.2909251038695,1079.728879476251,1103.7752408337449,1128.4202210961098,1153.6504081258763,1179.449117533392,1205.7966036320324,1232.6687363042136,1260.034944335487,1287.8571522053676,1316.089649553078,1344.6782358529263,1373.5586445716579,1402.655420963819,1431.8810395851524,1461.1354132380877,1490.3071673141696,1519.2763704328643,1547.9168737932464,1576.09877374363,1603.692537022217,1630.5723813541817,1656.615965858284,1681.7034413339795,1705.7205075461432,1728.563138760592,1750.13926533954,1770.3692555723028,1789.1881231174398,1806.5476500698267,1822.4169615606772,1836.782123498587,1849.6456865331695,1861.0278269748783,1870.9688644590449,1879.5301333222894,1886.7920290657967,1892.8507753520073,1897.814031563676,1901.79507178335,1904.9081703565726
66.50631396400013,910.7531301117481,927.235342156701,944.4891427730287,962.5027202235646,981.2642112368317,1000.7624700294048,1020.987027245773,1041.9282526527975,1063.5778788117334,1085.9285902073525,1108.9721751109182,1132.6973347673422,1157.08866129184,1182.1270747419755,1207.7901118615468,1234.0506734751732,1260.8750313392438,1288.22182170987,1316.0419651357315,1344.2778553126943,1372.8618215824674,1401.7150395449337,1430.7466761778749,1459.853421488904,1488.9207809696713,1517.8258200493792,1546.4395132523657,1574.6292128424582,1602.2627766732694,1629.2119481838333,1655.3520432342798,1680.5609940817978,1704.722397831284,1727.7302308197027,1749.4905169385122,1769.9217942550954,1788.9573054866257,1806.5471025101217,1822.6586009815594,1837.276156833252,1850.400587890351,1862.0502914994383,1872.2637381187747,1881.1003180042062,1888.6383625376002,1894.971885825539,1900.206166789538,1904.451902811627,1907.8204777210506,1910.4220355999175
66.6903549399999,908.0216834660296,926.0052516505633,944.8161100837245,964.4265975265967,984.8114055988135,1005.9474597578044,1027.8140004831644,1050.3930230601247,1073.6687814761033,1097.6258546126978,1122.2468701080763,1147.5113979466112,1173.3963048079656,1199.8759621409588,1226.9209153201402,1254.4958149874667,1282.5583380613248,1311.059038074269,1339.9404677683983,1369.1355785676956,1398.566571385149,1428.1439851035495,1457.7661746624474,1487.3205528967856,1516.6862871724095,1545.7366033488145,1574.3412116592842,1602.370394021102,1629.6983454987603,1656.2028243921925,1681.7641610249525,1706.2682723422029,1729.6113435570448,1751.7014646362506,1772.4590657832618,1791.819077282018,1809.7330037115707,1826.1694484494901,1841.1136601001492,1854.5670239801505,1866.5481494725962,1877.095333148623,1886.2673747719782,1894.141567751029,1900.810409722048,1906.3771535825845,1910.9499301806259,1914.636985634353,1917.5446844872608,1919.7767061571003
66.87395917699996,969.5836902474916,985.437724482753,1002.1018214914943,1019.5762062998045,1037.859847412937,1056.9508064817892,1076.8469413459584,1097.5456662123393,1119.0422656709013,1141.327856692502,1164.3885096632166,1188.2058186907584,1212.757313536386,1238.0153200830305,1263.945070140726,1290.5037878984472,1317.6406926222487,1345.2962605634984,1373.4007508136274,1401.8731697496526,1430.6204606534038,1459.5370707280745,1488.5062699864402,1517.402913414233,1546.0957993196196,1574.4501388557449,1602.3316766369833,1629.6100555868993,1656.158480908999,1681.8527336760922,1706.5741815695058,1730.2144484281246,1752.677030820133,1773.877706218623,1793.7466585712455,1812.2305117062826,1829.2928069345453,1844.9134969373058,1859.0883795437057,1871.83012270241,1883.1706610662143,1893.1619418586317,1901.8738421792107,1909.390804069347,1915.8073083476486,1921.2219191700633,1925.7324431054826,1929.433854821084,1932.4175277676252,1934.770858264118
67.05889779400013,986.8022366674479,1003.4490717845905,1020.9043121260988,1039.1667525895496,1058.2341583319062,1078.103969789463,1098.7730650567862,1120.2360763648392,1142.4833548526738,1165.5000947474523,1189.2669072591411,1213.760236624238,1238.951225300094,1264.803829211209,1291.273910465939,1318.3092472613666,1345.8488040659183,1373.8212669492139,1402.1440188429497,1430.722341460912,1459.448996251496,1488.205559010293,1516.8651997116012,1545.2950606258796,1573.3587478652103,1600.9204764297526,1627.8484620406768,1654.014614791053,1679.293585241298,1703.5658106088447,1726.7222228150456,1748.6659066865716,1769.312552954609,1788.5926318780823,1806.4534779390947,1822.8598219410924,1837.7933425316473,1851.2521606404714,1863.2519279748105,1873.828289772861,1883.0376992048834,1890.9554052319886,1897.6721598238523,1903.2897650436407,1907.9151913676774,1911.6558103492039,1914.617392938674,1916.9034109617216,1918.6144455663577,1919.8472416645677
67.2431892210002,1005.2210140296173,1022.3540957036138,1040.3314065523425,1059.1480448290883,1078.798674629558,1099.277311620217,1120.5756599449758,1142.6810947687243,1165.5758018427898,1189.2373646735243,1213.6391920063472,1238.7493929066384,1264.528900619489,1290.9305729072355,1317.8992088620762,1345.3708255612305,1373.2711997096922,1401.5148493270096,1430.004242475299,1458.629385666837,1487.269166838992,1515.7941447100707,1544.0689378315426,1571.9547287200157,1599.3134233750443,1626.011059692018,1651.9175200146497,1676.9055986544522,1700.8540722136458,1723.6524346452816,1745.202585500354,1765.4193161369792,1784.2325198260774,1801.5893162833438,1817.4546270096055,1831.8107734793318,1844.6570216481048,1856.0107238593444,1865.9098382424384,1874.413802831844,1881.6015860002053,1887.5684588274476,1892.4216095666984,1896.274331152984,1899.2413243620902,1901.436767343312,1902.973688345255,1903.96344466444,1904.514591306076,1904.7304635414596
67.42698566099989,1022.3596070751553,1039.7495695309378,1058.044872669704,1077.2373454748633,1097.3182677282566,1118.2767494684576,1140.0977504824555,1162.7612514542989,1186.242867574102,1210.5142975227059,1235.5422152946583,1261.2864061990924,1287.6988748697581,1314.7238653874429,1342.2971369610927,1370.34450036412,1398.7807902064535,1427.5090600368135,1456.420152884878,1485.394022077708,1514.302494067575,1543.011626489226,1571.3841767140032,1599.2837210752925,1626.5780181305802,1653.1386710520549,1678.8401398161418,1703.5627508716161,1727.1973660686576,1749.6469991581635,1770.8272245130506,1790.6683039064044,1809.1172218076038,1826.1381655485334,1841.712022416579,1855.8358172178748,1868.5237415288582,1879.809554941019,1889.7473358265738,1898.4094036125935,1905.8829586877841,1912.2655607245892,1917.6591771162032,1922.165345033925,1925.8830988838404,1928.908201207517,1931.3324814653274,1933.2425677970382,1934.7177139427404,1935.828571173302
67.61199119499997,1082.5074180383256,1097.6323658012027,1113.7187835880075,1130.777024746474,1148.8118908710694,1167.8209304658376,1187.7938802344831,1208.7135386228906,1230.5564636139331,1253.2921015605532,1276.8811479357553,1301.2748675636383,1326.4153143406006,1352.234793952294,1378.654574976958,1405.5840237674001,1432.9199505191793,1460.546319634024,1488.3356997845062,1516.1521460480894,1543.8536680068732,1571.2947997949784,1598.3308130085893,1624.8211666010645,1650.62924962005,1675.6214682217949,1699.6703253994829,1722.6591559504623,1744.4838057130899,1765.053100419008,1784.2910306566703,1802.1388440294745,1818.5555814386819,1833.5176300764533,1847.0182171464353,1859.0684959440596,1869.7000049504638,1878.9654777464277,1886.9368259367918,1893.7018413312696,1899.3597381992095,1904.0152672401666,1907.7739446194666,1910.740047586916,1913.0159143517383,1914.7013521636713,1915.892438082759,1916.679413878974,1917.145298322345,1917.3658625529583
67.7961512500001,1100.6545748864094,1117.2086549602352,1134.6763356741887,1153.0644693798804,1172.3722968663938,1192.5908558597444,1213.7038268376582,1235.68820804034,1258.5134263825923,1282.1396851059826,1306.5172757375988,1331.5867944104868,1357.2786061416275,1383.5115625930068,1410.1921488874334,1437.213847109916,1464.4568698696257,1491.7896396355684,1519.0717065601423,1546.1562590691885,1572.8927436156616,1599.1311349560704,1624.7254515405577,1649.5335723610078,1673.4164071927332,1696.2410691729237,1717.8857127454112,1738.2413264967838,1757.2123267041104,1774.7188785340961,1790.6991363790264,1805.1099406070539,1817.9265435911552,1829.1422892299488,1838.769897689014,1846.8441359966212,1853.4228521453783,1858.5851945809236,1862.4285628390332,1865.064409467068,1866.6126239699324,1867.1970409839746,1866.9437227822152,1865.9805520744285,1864.4369370211748,1862.4429105651677,1860.1273227662773,1857.616746242779,1855.0348918523923,1852.4993513990803
67.98030547300004,1087.519308308784,1107.297306522184,1127.9637101750343,1149.5007055804922,1171.8846025707837,1195.086474574845,1219.072633704352,1243.8035487301638,1269.2320077863303,1295.3022542062897,1321.9500362411327,1349.1019148235623,1376.6738353592607,1404.570139476328,1432.6828046389815,1460.8910652047525,1489.0627907828525,1517.0573147031346,1544.7278669295968,1571.9241278392228,1598.4964442245234,1624.2993020914935,1649.1911125648999,1673.033362794587,1695.6937807576044,1717.051176932604,1736.9972523144338,1755.4372185277427,1772.2921569122097,1787.5013079893636,1801.0228285014268,1812.8335887831486,1822.9289345546206,1831.3240647100822,1838.0568055469505,1843.1887588522573,1846.8036454390547,1849.0043895408216,1849.9090637702006,1849.6454248640362,1848.3465817981014,1846.1494456389983,1843.1944962302098,1839.625666618763,1835.589626151096,1831.2341595709306,1826.707260672597,1822.156735881303,1817.7266290462114,1813.5500256540772
68.16518334300008,1111.1248628634244,1130.9002597686808,1151.6405769609398,1173.3174367124004,1195.897022591382,1219.3406202457936,1243.60359323546,1268.6335962132255,1294.3697543298601,1320.7427500859833,1347.6741622668555,1375.0750634093897,1402.8450521922027,1430.8715091051572,1459.02922941609,1487.181809717515,1515.1844812734091,1542.8865448954737,1570.1339241494302,1596.7733786135716,1622.6559721092917,1647.63685254789,1671.5743956045126,1694.3333614165376,1715.7897275713465,1735.8324881266349,1754.364264684811,1771.3036566451794,1786.5875222841134,1800.171728083868,1812.0309392919457,1822.1583760114038,1830.56718660156,1837.2932190303684,1842.3961677856546,1845.9579181210217,1848.0796332210389,1848.8777041618844,1848.4782930522574,1847.0130110933071,1844.6173810722694,1841.4306195248937,1837.595539600957,1833.257855677589,1828.564587155907,1823.663180081701,1818.7011420312342,1813.8225015972907,1809.1605928348301,1804.831642721729
68.34941772999991,1095.6264881174518,1119.2838052452673,1143.8242594781234,1169.193823084874,1195.3363048652577,1222.1920684418515,1249.6959962213173,1277.7764293004745,1306.3550257342113,1335.3458828102564,1364.6539306258537,1394.1737740593776,1423.7887720709427,1453.3705088202905,1482.7800332646236,1511.8705607606482,1540.489791642224,1568.4823637662346,1595.6939809017674,1621.974812005307,1647.1792181272008,1671.1648592455692,1693.7958302995426,1714.9474897539912,1734.5082705007067,1752.3803191743596,1768.4818910575914,1782.7496922673533,1795.1397066721834,1805.6270805328322,1814.205989151395,1820.8911372587518,1825.720673687256,1828.7574977851043,1830.0877791277612,1829.818235806151,1828.0722907622244,1824.984836032771,1820.6981459788517,1815.3605881962665,1809.1266663432343,1802.157194718107,1794.61888420367,1786.6830353336316,1778.5249551643697,1770.3238911309365,1762.2597906286937,1754.506383726965,1747.224276637627,1740.5553076218957
68.53713727400009,1166.7374123284503,1187.5738570106053,1209.3219557114496,1231.9485242575438,1255.41321258069,1279.6667933567721,1304.6504151867734,1330.2957612510434,1356.524457881973,1383.2467394085393,1410.3605456560233,1437.7508405319481,1465.2893058666343,1492.83578701211,1520.2411837050565,1547.349941267881,1574.0026593469547,1600.0403603572938,1625.3080130438298,1649.6543683322668,1672.93116024219,1694.9963216494405,1715.7188787749749,1734.9808147727133,1752.6777490786244,1768.721360290791,1783.0417448756855,1795.5882497585806,1806.329352402287,1815.2525132741632,1822.3656530493836,1827.700035720262,1831.3115356977269,1833.279111099669,1833.7020291585275,1832.6959638889462,1830.3876965690295,1826.9109608330687,1822.4050818253547,1817.0149444454487,1810.8910913584973,1804.189231281392,1797.0688542551002,1789.6925716086437,1782.2259748909173,1774.8343236908056,1767.6755610198338,1760.893345243465,1754.6116063566556,1748.9307293019922
68.72213934899992,1213.8816124543507,1233.7807298268215,1254.6161118243444,1276.3544610152603,1298.951500710453,1322.3513877726737,1346.487024525809,1371.2796139235877,1396.6374642115143,1422.455219498057,1448.6133048383388,1474.9777402980435,1501.4017009160088,1527.728516590161,1553.7942675735044,1579.4304934753357,1604.4685587069112,1628.7432706161826,1652.0928083745362,1674.3580163248312,1695.38571255241,1715.033677560373,1733.1726144464815,1749.6869282808127,1764.4772534937972,1777.462922603476,1788.5829153574816,1797.7958628852796,1805.0800327148554,1810.4349479074642,1813.8844223249205,1815.4779908860983,1815.2895576896778,1813.4148085144468,1809.9675082973195,1805.0744144649946,1798.8713480840433,1791.50207227079,1783.1185126869805,1773.8811203721978,1763.9586567595911,1753.52709665493,1742.7692656624652,1731.8750047935416,1721.0381702924487,1710.4499650938121,1700.2922882349844,1690.732606924506,1681.9196228044623,1673.97916150523
68.90635686199994,1218.2612678136788,1240.4792497446272,1263.5465064708249,1287.4147123481166,1312.0251639632004,1337.3089744664273,1363.1865167261114,1389.566121708991,1416.343208584662,1443.3996351597793,1470.6034230423425,1497.8102343259952,1524.866293637496,1551.610911007384,1577.8791231943214,1603.5059961064017,1628.3301842431179,1652.1938048808981,1674.9416803577833,1696.4245988566245,1716.504258201947,1735.0551837022908,1751.965467376375,1767.139257020639,1780.499188107364,1791.9872972652547,1801.5649916338082,1809.2129996642122,1814.93295636491,1818.7504047800032,1820.7161923631622,1820.9050849655255,1819.4131448289424,1816.3539931065166,1811.853687753133,1806.0467587657138,1799.0750502809994,1791.0879044780831,1782.2424877160474,1772.7035389941977,1762.6422368207523,1752.2358013476214,1741.6676249529837,1731.1242398267834,1720.7886195720782,1710.8335018252872,1701.4162373596691,1692.6744380592693,1684.7220563600583,1677.646265568498
69.09027838300017,1205.531272550929,1231.4227854718627,1258.0473005964095,1285.3302009856811,1313.1894095442408,1341.5345853186545,1370.2655838943515,1399.2713593917217,1428.429097462618,1457.6037342963127,1486.6492388670072,1515.4113525607768,1543.7299418071905,1571.4414813987244,1598.3832110970434,1624.3965613234468,1649.3269054612683,1673.0226918744115,1695.3386057449839,1716.1404249139919,1735.3068604001257,1752.7302285607448,1768.3188829681392,1781.9995986017445,1793.7184467209436,1803.440734328261,1811.15093342347,1816.8542526866227,1820.5796330321548,1822.3811453660876,1822.3366129501085,1820.5450044650015,1817.1227180115823,1812.1984866216835,1805.9094470005214,1798.4000207589734,1789.822142839807,1780.3356373274744,1770.1080204865816,1759.313426866259,1748.132275068154,1736.751466083078,1725.3614224521211,1714.1494649369608,1703.2932133386864,1692.9555165233126,1683.280183585388,1674.388148233449,1666.3743657804155,1659.306513936686
69.27527141700011,1202.4911531673008,1231.7508025237971,1261.5819904702269,1291.89052112838,1322.5761384079958,1353.5307600575675,1384.6371633050865,1415.7679122349452,1446.784682491545,1477.5393609786597,1507.8766150028052,1537.6360866865546,1566.6547304416924,1594.7708361288187,1621.8273336624495,1647.6714364977859,1672.1536769695085,1695.1309834196566,1716.4714631094944,1736.0561813860597,1753.7797838546453,1769.5528894145884,1783.3044465451646,1794.9825909977378,1804.5545786035084,1812.006718206515,1817.34595717927,1820.6029007924517,1821.8332436085682,1821.1164351477032,1818.553125765459,1814.261512828212,1808.3723175996354,1801.024934389895,1792.3664010382242,1782.5517252197296,1771.74436651925,1760.116153827926,1747.8463335577685,1735.1213648669461,1722.1352543214778,1709.0867376834801,1696.1728048461225,1683.5822537779493,1671.4907776323028,1660.0568559108867,1649.4180805684475,1639.6882150757067,1630.9557898657436,1623.283500263666
69.45933764200026,1278.652262561028,1304.4480031198987,1330.8811542741964,1357.8650435175002,1385.3015536430282,1413.0801506998396,1441.077136834153,1469.155282971877,1497.1652186510048,1524.9482733372677,1552.3389251528154,1579.1673751051283,1605.2637899099818,1630.4618097827124,1654.5983793767334,1677.5129556912082,1699.0507438278194,1719.0676256097743,1737.4320726125418,1754.0258914834506,1768.746730567989,1781.5105414132177,1792.2525345006454,1800.9272041168695,1807.5083485642422,1811.9907393466144,1814.3932217561678,1814.7602261549678,1813.1605132846091,1809.6847005834409,1804.4416905825317,1797.553732719562,1789.152660978813,1779.3789572083429,1768.3821753009836,1756.321526784533,1743.365907877013,1729.6930638905806,1715.4895074429908,1700.950983035605,1686.279785677128,1671.67842940596,1657.3433512375964,1643.4601541743239,1630.1996594516736,1617.7143979835023,1606.135837872349,1595.5731500191282,1586.11246376259,1577.8149183270084
69.6430328360002,1279.7611018378343,1308.9883279524581,1338.601288777617,1368.5003389344806,1398.5752078175365,1428.7040243946228,1458.7527371720812,1488.5763064743624,1518.0213630863898,1546.9284887958752,1575.1346364396832,1602.47723199001,1628.7975544359263,1653.9404509729545,1677.753440620604,1700.0898564208624,1720.8136904885778,1739.8014327144572,1756.942750250246,1772.142936054487,1785.325319344087,1796.4321765985126,1805.4247173438312,1812.283070266356,1817.007922670701,1819.6235951234491,1820.1795300294639,1818.749016968264,1815.4267013067638,1810.324996740989,1803.5691327337106,1795.2933789316967,1785.640096138342,1774.7601488033372,1762.8134794013015,1749.9691246344194,1736.4043692754783,1722.304654097691,1707.8640304934145,1693.2824695606664,1678.759521667543,1664.4880122365776,1650.6492776611067,1637.409211862852,1624.914753847947,1613.2911135844943,1602.6405387536026,1593.041574883771,1584.5473625732614,1577.1844635546358
69.82696394000004,1238.8390967108533,1273.6703230142261,1308.7155720094302,1343.8269827638478,1378.85063501333,1413.6255042317646,1447.9842019019445,1481.7551975546485,1514.7646802028232,1546.8385784760906,1577.806283342614,1607.503670212274,1635.7724786944218,1662.459103646029,1687.4174479654682,1710.5135015203498,1731.6269369696988,1750.6515694362868,1767.4976080229753,1782.0938916433226,1794.3886473661314,1804.3493449980213,1811.9625729088498,1817.2355875401913,1820.1993178440807,1820.909802794008,1819.4468841860191,1815.911700636887,1810.4231028259217,1803.1127203459553,1794.1212216502547,1783.5974160768217,1771.698732316861,1758.5918730991525,1744.452925413808,1729.4666214614658,1713.82636611649,1697.734822811134,1681.4013648760192,1665.0358875429786,1648.8426654746106,1633.0157587671918,1617.7352368680972,1603.1638495785373,1589.4444411435652,1576.6989085085165,1565.027654609976,1554.5080785774535,1545.19329161983,1537.1117922820636
70.01216384400004,1292.3185793217099,1325.6154983672266,1359.065917925546,1392.5195409146233,1425.81755066665,1458.7934964800597,1491.2756523711053,1523.0890065587294,1554.0574010001194,1584.0073649696562,1612.7712396632887,1640.1866523618514,1666.09539411204,1690.3463517570626,1712.8001591280338,1733.3308586175315,1751.8264205840524,1768.1910490998155,1782.347467050872,1794.237719342981,1803.8230685015985,1811.0839082413604,1816.021348018319,1818.6602503841316,1819.0506998518695,1817.2667260515946,1813.403827632644,1807.5754174960007,1799.9079202431635,1790.537063830376,1779.6070148901915,1767.2708925430948,1753.6914608991917,1739.0412799707608,1723.5020105445444,1707.2644891269135,1690.5293651510733,1673.5046077171128,1656.3993772548831,1639.4179471013101,1622.7551780038732,1606.5928149883475,1591.0962356841014,1576.4119459501644,1562.6666236341243,1549.9666609889177,1538.3967471768676,1528.018679076152,1518.8710870961716,1510.9690401267335
70.19614869599991,1334.5485356493773,1365.8913624729582,1397.4706045766968,1429.1135399246082,1460.6393438289135,1491.8616016255928,1522.5904331212305,1552.6347494824531,1581.8061879320353,1609.9223226116067,1636.8062115194728,1662.2853348463104,1686.194576887051,1708.3809176628836,1728.7051267695485,1747.042308163496,1763.2842256262284,1777.3416031062964,1789.1449398436591,1798.6444156752934,1805.8098131661077,1810.6321106042653,1813.126528662312,1813.3340103714822,1811.3199580796456,1807.1717746956867,1800.9953306017771,1792.9100878686017,1783.045424459597,1771.539808529389,1758.5413582253566,1744.208587717873,1728.7106196406257,1712.226559880591,1694.945651145848,1677.0679977333518,1658.8021689109917,1640.359176349924,1621.9465105383192,1603.7637390115087,1585.9989355329956,1568.8255688776537,1552.40014646779,1536.86141293804,1522.330053220863,1508.9074404571697,1496.674615616128,1485.6921839778652,1475.9998130166848,1467.614892037569
70.38010075800003,1315.9998547676296,1351.4928720550422,1386.9845045616046,1422.2668082676403,1457.1301545584058,1491.3650078970772,1524.7638464625556,1557.124772951804,1588.2544154433228,1617.9671794979165,1646.083907846759,1672.4346006591825,1696.8628631508523,1719.2273735120716,1739.402220190743,1757.2790384735895,1772.7691406678705,1785.8041798080912,1796.335922239114,1804.3360556190335,1809.7976862392954,1812.7383082914714,1813.2012245345995,1811.2542418257697,1806.9871886001572,1800.508375460409,1791.9397302861337,1781.4131503230863,1769.069721127618,1755.0603375399567,1739.546527166678,1722.7007562930587,1704.7059138815166,1685.7555897696525,1666.0549391339273,1645.8184402242962,1625.264040330935,1604.6073743592278,1584.0575581973349,1563.8138252476072,1544.0626338793961,1524.975540010444,1506.708633679393,1489.402487796685,1473.1811577608446,1458.1514169709167,1444.4029112765859,1432.00791450884,1421.019756597405,1411.469871355663
70.56520245599995,1347.2619010934773,1383.4959140673193,1419.4744890350996,1454.9875513786596,1489.8253802796075,1523.7804692025552,1556.6510808617268,1588.2440965687224,1618.37422112515,1646.8625995888747,1673.5394988805865,1698.248720965143,1720.8490405643252,1741.2145164187123,1759.236606034546,1774.8262782215797,1787.9146633636913,1798.4528168060958,1806.4115219513476,1811.78278702767,1814.58281824279,1814.8534488786825,1812.6608479087845,1808.0930553593419,1801.2564657256394,1792.2709910184076,1781.2664460761396,1768.3818062040089,1753.7658725040023,1737.578145569973,1719.9891876598624,1701.1801691863907,1681.343215813149,1660.682348378069,1639.4113227816852,1617.7478649025556,1595.9079849787845,1574.1018736560281,1552.5306480337426,1531.383575362634,1510.8360684206773,1491.0492511644659,1472.1700424800367,1454.3302962477849,1437.6461821580972,1422.2184895903774,1408.1325358213155,1395.456749029676,1384.2396751901679,1374.506288137862
70.74931818100004,1409.344532003401,1442.6185719739733,1475.5807117242543,1508.0245426612164,1539.7439563003395,1570.5369208496456,1600.2085375927065,1628.5704382520291,1655.4395798174794,1680.6410900827686,1704.0128310046823,1725.4069733106098,1744.690431915791,1761.747092691914,1776.4800255493992,1788.8122244716037,1798.6864506120771,1806.0651057967707,1810.9317911595313,1813.294334397307,1813.186265976463,1810.665568645419,1805.8122482422268,1798.724847864218,1789.5156377175622,1778.307024008255,1765.230827641763,1750.4289687809921,1734.054358597895,1716.2712789672894,1697.254946553555,1677.191878157887,1656.2808500985464,1634.7307592799973,1612.7548814979584,1590.5652118681583,1568.368389990057,1546.362478547732,1524.734223328207,1503.657088965748,1483.2908692405006,1463.7818199339463,1445.2618525766895,1427.8479735841227,1411.6426510846022,1396.7337906255952,1383.1933900664976,1371.0746225076787,1360.4082319906054,1351.2002743932312
70.933230869,1523.6421993090034,1549.2825213860435,1574.7091653853795,1599.7394567639165,1624.1886075430823,1647.873391300428,1670.612127424295,1692.2240300081944,1712.5325739829925,1731.370545368481,1748.5820692003942,1764.0234651433295,1777.5658620567792,1789.0977674397582,1798.5261335570583,1805.7764976916205,1810.7931253366257,1813.5408126380592,1814.0081332423001,1812.2091116112915,1808.1821489342854,1801.9877514228504,1793.705184862223,1783.427789535983,1771.2595006648519,1757.3142268745648,1741.7166244482669,1724.6030703532515,1706.1221163854768,1686.4341224101308,1665.7116870193097,1644.1406697519608,1621.9181138178778,1599.2465660660068,1576.3284801796392,1553.3622067003387,1530.5388394633267,1508.039547189023,1486.0336851812617,1464.6784864734714,1444.1192808020758,1424.4887799757591,1405.9066142176562,1388.4798017064918,1372.3028322544137,1357.4564350038866,1344.0047783782861,1331.9919862071147,1321.4398393777985,1312.3470004939823
71.12182189099985,1449.2636916258127,1482.645415097191,1515.4448385412052,1547.4310445317474,1578.3824935531093,1608.0863121036925,1636.3369701476452,1662.9390034320422,1687.7114498722806,1710.4892953439244,1731.1237801914763,1749.4844985929763,1765.4614872001146,1778.965845021258,1789.9294618709412,1798.3047838345099,1804.0662714879156,1807.213335285639,1807.7717292987966,1805.7922284418937,1801.348137900271,1794.5317574956619,1785.4495339304783,1774.2184448522075,1760.9652660455483,1745.8272583051676,1728.9530757914538,1710.5031770485332,1690.6494355279528,1669.5755668375994,1647.4781657950084,1624.564661196743,1601.0476840485353,1577.139534274842,1553.0482485729294,1528.974538078859,1505.109223688916,1481.6314630916456,1458.708567952662,1436.496358717955,1415.1385946647847,1394.7666627990861,1375.5002067953683,1357.4473758207923,1340.703761949052,1325.349773125986,1311.4473242235383,1299.0377140221651,1288.1407982356427,1278.7540889550103
71.30986451099989,1609.28120896613,1631.9038063859382,1654.0070907384202,1675.4199673463468,1695.9701227530752,1715.48358355988,1733.7882849034193,1750.7193148147035,1766.1211275936357,1779.848575987831,1791.7696934042533,1801.7684222072314,1809.7458301851668,1815.6203930461859,1819.3282722946578,1820.8252454469857,1820.090074485731,1817.1262954441152,1811.9612561530603,1804.6439529034978,1795.2417909155404,1783.8360037924044,1770.5182781933142,1755.3902373565907,1738.5643223577079,1720.1648752248025,1700.328707381092,1679.204852501604,1656.9551231868925,1633.7552666418546,1609.793029294027,1585.2626280214454,1560.359314826517,1535.2755393216205,1510.1979792680456,1485.3050684508628,1460.765317240085,1436.7372254229876,1413.3697357548212,1390.8017666684011,1369.1620083736195,1348.569663986148,1329.1348157715536,1310.957485245802,1294.125133909397,1278.7094867356948,1264.764545594207,1252.3259018081196,1241.4097455421572,1232.0110942003328
71.49396873600017,1667.206967678642,1686.7859479364902,1705.7247249814811,1723.8665370093038,1741.0501530345641,1757.1136637888103,1771.8999413509264,1785.259059693598,1797.0495252041665,1807.1412478788554,1815.4184488968506,1821.7810464744798,1826.1450978260846,1828.4432266825686,1828.6266935430529,1826.6688948798123,1822.5672746007522,1816.3424752927856,1808.0362805577145,1797.7084739482102,1785.4323503451192,1771.2914267118242,1755.3790065879953,1737.7991379602756,1718.667769399236,1698.1133887058643,1676.2768439289698,1653.311966923785,1629.3867953947565,1604.681704092852,1579.3839435482691,1553.6822738544847,1527.7631985112357,1501.8080691658874,1475.990691082948,1450.4757251816902,1425.4186866515743,1400.9664889451888,1377.2570718613765,1354.4192981330905,1332.5738002452115,1311.8334575476858,1292.3025722674606,1274.0744909320968,1257.2285529236162,1241.8282327926581,1227.9205848211216,1215.5353866461414,1204.6833352213278,1195.3540679592093
71.67896602100018,1699.407425816685,1716.8801801687257,1733.6720777746486,1749.6182674581557,1764.552306567091,1778.3117353983448,1790.7406025792832,1801.6907909528825,1811.025075219081,1818.6201076481611,1824.3678744235133,1828.1762011379813,1829.9692376263356,1829.6895800688903,1827.3018173687137,1822.7944859068132,1816.179261012229,1807.4889372816012,1796.774324084413,1784.099792925811,1769.5400244320726,1753.1796101456728,1735.1140495840066,1715.4509482560072,1694.3107016695724,1671.8263659616355,1648.1443360682076,1623.4256280963793,1597.8440772544645,1571.5809503682806,1544.8196611016403,1517.742093438965,1490.5258047603954,1463.3417387623738,1436.3527444100237,1409.713701190593,1383.5721996295956,1358.0683158348654,1333.334664413584,1309.4974112824682,1286.676926081353,1264.9871422731576,1244.5333707409814,1225.4094477001584,1207.6960824382145,1191.460512019005,1176.7558581582307,1163.6195376674725,1152.071097805327,1142.1096757317202
71.86325269999998,1606.9023516882844,1630.8905259043336,1654.0318935640337,1676.095778217895,1696.8643406064268,1716.134446388045,1733.7183451690155,1749.4460964869897,1763.1679427632018,1774.755174838441,1784.1000710898854,1791.1158422539354,1795.7382413547243,1797.9286267774207,1797.6754632467503,1794.9930893678254,1789.9193038901087,1782.5118968023407,1772.843861483826,1760.9998350462668,1747.0754212689185,1731.1779356720685,1713.427377415026,1693.956911967847,1672.9125640503175,1650.4537405812573,1626.7543791064397,1602.0010318626148,1576.387383314387,1550.1088881088344,1523.3590338594931,1496.32649897791,1469.192834733344,1442.130966698579,1415.3053148696624,1388.8724804883682,1362.9810374488532,1337.7716117984112,1313.3779300643866,1289.9275153739902,1267.5410987478704,1246.3304907134168,1226.395793423483,1207.823818188643,1190.6878149758086,1175.0469085118943,1160.9445918292186,1148.4066480315,1137.438727847102,1128.0243272747666
72.04693751900004,1720.464624517405,1735.9735874920618,1750.6701336239933,1764.3684543857241,1776.890526890995,1788.0674464603549,1797.7424765942317,1805.7740145945615,1812.037017199975,1816.4234664505577,1818.8428075434779,1819.2240180837712,1817.519097096819,1813.704959170619,1807.7825632334097,1799.7748291802736,1789.7234696802102,1777.6844747529124,1763.7247977255695,1747.921898535596,1730.364685551591,1711.1546622697042,1690.406564531033,1668.2481894590978,1644.8210375607268,1620.2815651409926,1594.7993588429902,1568.5517317637652,1541.718429658643,1514.4779531583954,1487.0047676693266,1459.4670315222293,1432.0251388421514,1404.831877665048,1378.033152488753,1351.767810215201,1326.1677539827108,1301.359026519511,1277.4625427913722,1254.5935400340093,1232.8594909263545,1212.3573605971815,1193.1720727728,1175.3762919068772,1159.029916103431,1144.1786317212698,1130.8519003642907,1119.060605618179,1108.7950919200182,1100.0246190218004
72.23213054899998,1832.465652102986,1841.0912785521853,1848.7186009183717,1855.223476285692,1860.4830667030335,1864.3794442115122,1866.8031026088772,1867.6549166969107,1866.8471262310266,1864.3042739093814,1859.9657549067865,1853.7897648997025,1845.7556309645092,1835.8633542605803,1824.1319174692383,1810.5964843906645,1795.3042296355593,1778.3113476123149,1759.6828975769429,1739.4940269003546,1717.831380045437,1694.7939801616585,1670.4932858608681,1645.05404606206,1618.6157515588204,1591.3309966622123,1563.3602519327346,1534.8667380789054,1506.0129084987439,1476.9578136570185,1447.8549793430168,1418.8510967012396,1390.0863259092405,1361.6951639521906,1333.8064166137028,1306.5434602312926,1280.025475770605,1254.3683357738678,1229.6842129014858,1206.0796562824603,1183.6530166423356,1162.4930855941295,1142.6790557969823,1124.280196427162,1107.3545942367448,1091.9473300279947,1078.0883167469478,1065.7905301275262,1055.049294754516,1045.841634723606
72.41613677700025,1846.5528515117046,1853.2805427460207,1858.9732706566951,1863.5042380545638,1866.7512066478089,1868.6000764757957,1868.9469055038683,1867.6989470208941,1864.775634620429,1860.1111727303585,1853.658520108497,1845.391751165358,1835.3056245091452,1823.413912169235,1809.7466173846783,1794.345819376171,1777.2626947794206,1758.5573729784069,1738.300167957298,1716.5729946195695,1693.470256929288,1669.0989108758747,1643.5793255775616,1617.0467415939158,1589.6496402054313,1561.5445250670439,1532.89080669357,1503.847297620183,1474.569591783032,1445.2079605012068,1415.9060632716994,1386.801275551983,1358.0255842594038,1329.7055913634956,1301.9628113505619,1274.9149453170749,1248.6768124179002,1223.360007523243,1199.0710313952604,1175.9087744040605,1153.9632191703047,1133.315468786249,1114.0374949464228,1096.1909560829904,1079.8254550800111,1064.9764624355962,1051.6636353806152,1039.8901953035615,1029.6423257372733,1020.8879077184229
72.60009846399998,1766.835710615516,1778.105914492376,1788.2371077386192,1797.053270876745,1804.3934938687655,1810.1134821756589,1814.0860875286328,1816.2017969531335,1816.3708412189767,1814.5267128368255,1810.6280807037213,1804.6579326159595,1796.621500551842,1786.543097719499,1774.4616065966638,1760.4271681837383,1744.5007300200361,1726.7549956920989,1707.275583719939,1686.161682966821,1663.5259072417132,1639.4949719762003,1614.2109915308524,1587.8297103088503,1560.5151684536065,1532.4344919211921,1503.7543140771857,1474.6381016520086,1445.2440167142233,1415.7236121460053,1386.2221620654427,1356.879577193815,1327.8304448116323,1299.2043783473605,1271.1273586135312,1243.7227466631875,1217.11103635009,1191.408092108269,1166.7227521416194,1143.1556615381537,1120.799441033551,1099.738584761355,1080.0484360114192,1061.7936094039435,1045.0260840732858,1029.7836969722532,1016.0896971097326,1003.9523212857443,993.3634400495298,984.2968924373989
72.78511816499986,1951.004280451557,1947.8562943642246,1943.7118172443593,1938.484291809046,1932.090177628236,1924.4506428458265,1915.4931727221208,1905.1547516451574,1893.3864052554172,1880.1560872618409,1865.4487404988815,1849.2650862248313,1831.6192704355785,1812.5351068008963,1792.0434673511252,1770.1824798270177,1746.9990761758693,1722.5507021651504,1696.9064776201776,1670.147512540368,1642.368004738852,1613.676920458187,1584.196574133321,1554.0576111318958,1523.3940863436028,1492.340148847179,1461.0276085392807,1429.584019381582,1398.1315796714655,1366.7876536057558,1335.6658668450104,1304.8763182982373,1274.5260955979882,1244.7207785404453,1215.56561254181,1187.1654220761027,1159.6230112800026,1133.0369333588512,1107.5004945101218,1083.1020990334555,1059.9253296360346,1038.0481123368731,1017.541334453013,998.4671400135791,980.8776311221949,964.8146351297192,950.3094968505923,937.3819428180376,926.0381420520238,916.2677937671652
72.96899552200011,1906.9455759952027,1905.675390154093,1903.2873534802993,1899.6779609831065,1894.7516779876842,1888.4222915880455,1880.6158420478098,1871.2749220733242,1860.361329561733,1847.8559041654428,1833.7571022536345,1818.0784394348577,1800.8445404669692,1782.0883477495854,1761.8511472451548,1740.1839561279862,1717.1490818474535,1692.8211417405969,1667.2872480049825,1640.6479831736099,1613.0189669944607,1584.5293302998894,1555.3165990847358,1525.5216810382506,1495.2854641255424,1464.746302472206,1434.0380235882028,1403.2887567338882,1372.6213861200472,1342.154581103405,1312.0029450893746,1282.2774701478445,1253.0869812023398,1224.5392514850573,1196.7408589250736,1169.7955304239224,1143.8018554929065,1118.8522348855784,1095.03317089369,1072.4252934017632,1051.1024712824965,1031.1303778919046,1012.5647353882609,995.4499668805166,979.8189168651008,965.6925998976163,953.0790253285026,941.9712235349691,932.3446466223139,924.1555011834076
73.1529493349999,1988.3274773576857,1978.668828639093,1968.0728548968377,1956.4696002321255,1943.7920828718059,1929.9798439605834,1914.983834040525,1898.7696215431015,1881.3177528355466,1862.6228180288067,1842.6913517155403,1821.5383088012309,1799.1846672502998,1775.6578174704878,1750.993283725913,1725.236588536287,1698.444550618003,1670.6857227193416,1642.041596128012,1612.6083744616094,1582.4956340844403,1551.8213761588772,1520.7071643792808,1489.2748597851837,1457.644229692323,1425.9310665337737,1394.246118130032,1362.6956347452253,1331.3824866960738,1300.4063957616108,1269.8644688586214,1239.852719217497,1210.467258033196,1181.8042274414347,1153.9582228506524,1127.0200870668439,1101.0759426865427,1076.2075701397098,1052.492526054971,1030.0033519623864,1008.8062423727181,988.9593970754346,970.5117866078651,953.5029911197327,937.9630721530124,923.9115245367695,911.3554329856515,900.2870053055645,890.6818127773572,882.4987281748491
73.33826119500009,1983.4388765939539,1972.062912621348,1959.770222249284,1946.487466611921,1932.147520228205,1916.6944138345827,1900.086592062687,1882.2973161422644,1863.313766494304,1843.1349750557206,1821.7683281833226,1799.2271926524422,1775.5313251732528,1750.708611519045,1724.796946929997,1697.845549054724,1669.9154104874444,1641.0805183821487,1611.4296444537156,1581.0650234035527,1550.0974254652801,1518.641317797376,1486.811626787959,1454.721378966159,1422.4798569529848,1390.1915725930187,1357.9568632249216,1325.873065432555,1294.0348100696465,1262.534627532441,1231.4645489831316,1200.9173869188376,1170.9867663008695,1141.7656545757416,1113.3442732531273,1085.809257661346,1059.244172313775,1033.729776504792,1009.3433899784097,986.1577274047382,964.2394260563503,943.6479950250805,924.4358454136789,906.6483600375437,890.3230486388901,875.4879117738766,862.1591835984603,850.3397821773093,840.0190388414361,831.1716460059926
73.52209738600004,1994.9757509068963,1981.2132792362759,1966.4593089283298,1950.6608358745862,1933.7741622211881,1915.768288536733,1896.6254487735619,1876.3403419038605,1854.9181892350857,1832.3713575504505,1808.7171000111407,1783.9780747767954,1758.1841870735905,1731.374566100017,1703.598967841186,1674.9183107310564,1645.4059715902847,1615.1496451529729,1584.2500852731869,1552.8162336035823,1520.9604306075908,1488.795221137361,1456.4310324668381,1423.9743614316974,1391.526773056705,1359.185516885276,1327.0447156249736,1295.1956701871195,1263.7274703920914,1232.7285973512023,1202.2882012384703,1172.4961259958789,1143.4414296430136,1115.2102832068392,1087.885115254802,1061.5451098404253,1036.2664528703556,1012.1216771425333,989.1784752150751,967.4982049422086,947.134816483859,928.1348607132054,910.5375380731936,894.3738344279786,879.6648676431984,866.4196157257546,854.6333557854409,844.2873860165204,835.3481907415369,827.7662181237336
73.7062938590002,1963.691448619694,1950.119830126196,1935.5150159719412,1919.8206087995547,1902.9943122284924,1885.0083559365235,1865.8486185311986,1845.5125781472382,1824.005831737279,1801.339735714467,1777.5318285349508,1752.607581500098,1726.602289646832,1699.5623942114769,1671.5459439652702,1642.6238231596315,1612.8815496633258,1582.4179616160618,1551.3402985949538,1519.7593723348941,1487.7863393945138,1455.5303538001876,1423.096736449538,1390.5859637737294,1358.0942819826757,1325.7149016078063,1293.5383165131916,1261.6529367304288,1230.146721201885,1199.108494207152,1168.6280170628743,1138.7945637948358,1109.6948838031617,1081.4124184808634,1054.027879538002,1027.6195839429174,1002.2628955846396,978.0291426142591,954.984235034603,933.187711002977,912.6928713442421,893.5469608019296,875.7904419421999,859.4554846932577,844.5638414667482,831.1254360932548,819.1382375801606,808.587577370856,799.4448350881702,791.6668715933913
73.88989093200007,2088.476637642133,2064.244062591483,2039.0266855450911,2012.854188118947,1985.7597314227435,1957.779941560416,1928.9537013172558,1899.3194842629146,1868.9137800570381,1837.7722684649002,1805.9322860007494,1773.4353953542602,1740.3293479553454,1706.6691463654804,1672.518834084466,1637.9538166108437,1603.0600326897281,1567.929482658456,1532.6558101048588,1497.3314506219567,1462.0456272638685,1426.8828312020714,1391.922091912475,1357.2378451332165,1322.901355282047,1288.9812385131859,1255.5442777917908,1222.6572180880605,1190.388227460948,1158.807097579347,1127.9839342864207,1097.9872230717788,1068.8831381819316,1040.7362048082362,1013.6097108588197,987.5652199138993,962.6615557106514,938.9534840017649,916.4908214073618,895.3186317866055,875.4774695540428,857.0027166153463,839.9231365216705,824.2588162566207,810.0198242002957,797.2061554296852,785.8071230177113,775.8001201227473,767.150050303503,759.808936246088
74.07526249900002,2062.4591308715,2038.1935668798708,2012.869437988649,1986.5255172212003,1959.2040457126157,1930.9494546378687,1901.805638098219,1871.814325241656,1841.0162086252785,1809.4533722542703,1777.1718289904652,1744.2234572476266,1710.667043250713,1676.5700560668286,1642.010958896392,1607.0783752415437,1571.8666165792747,1536.4712675055168,1500.9863419198184,1465.5022896753208,1430.1044920465004,1394.8725502308555,1359.8811750411767,1325.201634423315,1290.9023049527013,1257.049518686115,1223.709393491434,1190.9493326654697,1158.8382674440386,1127.445393078806,1096.8382834231809,1067.0822528397325,1038.2410749503217,1010.3774548124319,983.5526061879203,957.8253043013352,933.2506399611666,909.8792046648581,887.7573671802719,866.9276009531851,847.4279088907581,829.2904689384204,812.5396706172364,797.190870745656,783.2504391019944,770.7152521955776,759.5715593433517,749.7945177816613,741.3477962136054,734.1828034773837
74.25933455899985,2059.257857525769,2032.7452941283086,2005.2101983438538,1976.7051928184078,1947.2833596986648,1916.9956227121095,1885.889227047602,1854.0089733884188,1821.3997490167342,1788.1091652973528,1754.189591193611,1719.6992889402081,1684.7042790309222,1649.280738054098,1613.5142481230546,1577.4954047367835,1541.3154793150932,1505.0636503183325,1468.8250827723432,1432.679494995483,1396.7005172299755,1360.9566508553555,1325.5127853686206,1290.4308198561068,1255.7705809209872,1221.5917257856474,1187.9553169780697,1154.92414280115,1122.5615348430272,1090.9295680357613,1060.0885126138473,1030.097647998777,1001.0158356558178,972.9012030007236,945.8103091045007,919.7970183501569,894.9118118619461,871.2021973075127,848.7131764265694,827.4868167240983,807.5610505046037,788.9678710309927,771.7322534917519,755.8723708210126,741.3992616409101,728.3158734220083,716.6167762718983,706.287945197872,697.3058184764129,689.6356392592501
74.44304800300006,1993.6676922466352,1969.0715747628133,1943.4499865707755,1916.8378411856115,1889.2709765203736,1860.784375290459,1831.4131476639589,1801.1948202240928,1770.1717414600846,1738.3928941317297,1705.9148211299969,1672.8032923148878,1639.135516031831,1604.9992140855873,1570.4880669195795,1535.6972250541987,1500.7204004155524,1465.6478170225762,1430.5646594155198,1395.5503230650813,1360.6792749388053,1326.0224808800633,1291.6479459763782,1257.6215593220793,1224.0089313325204,1190.876909460657,1158.293845966377,1126.3283684634234,1095.0475382382065,1064.5162652035103,1034.7980890532956,1005.9557232366457,978.0507134354153,951.1425809381891,925.287676748986,900.538475977825,876.9439728840895,854.5501357423634,833.3994678316612,813.5297976355704,794.972467996945,777.7512519207529,761.8825651301372,747.3751327565703,734.2290334226471,722.4354163418081,711.9762895463939,702.8235871932692,694.9376912796308,688.2663480026138
74.62799937399996,2002.1353040459508,1975.543201939643,1947.8139771296164,1919.0120811411675,1889.1982473994874,1858.4305870506048,1826.7669997594724,1794.2677075660506,1760.9972002521572,1727.0252971801947,1692.4289516427484,1657.2946001885737,1621.7173746619912,1585.7966828427368,1549.6318530473793,1513.319355787263,1476.9508815579982,1440.6119128821886,1404.3810947031457,1368.3312112730637,1332.5307262550793,1297.0444323665834,1261.9344021954064,1227.261928638667,1193.0891411637062,1159.4793719366478,1126.49602297575,1094.2008197842285,1062.6533208050312,1031.9117927534753,1002.0338489369802,973.0762027303575,945.0939070671353,918.1393062283729,892.2614298853218,867.5064901332779,843.9184410006184,821.5386469867277,800.4047838978697,780.5491418249709,761.9976579657861,744.7702493033746,728.8806023158013,714.3353426456989,701.1338798887525,689.2683250003471,678.7226874987309,669.4715268557716,661.4787888366832,654.6973384936459
74.81208764199982,1867.8316607140396,1847.9100796625073,1826.8037803877487,1804.519102970239,1781.0683113268287,1756.471308938133,1730.7574969280636,1703.9670664979872,1676.1514335608304,1647.3744438931988,1617.7141530029107,1587.2614996890798,1556.115379982794,1524.3778172412449,1492.1507415596159,1459.5336573466711,1426.6218366991745,1393.505341966859,1360.2696847610166,1326.997077083614,1293.766819739129,1260.6560183997506,1227.7413144411548,1195.100315365941,1162.811797447609,1130.9544303265682,1099.6049075893384,1068.8373512653586,1038.7240989161387,1009.3362690814985,980.7434559517811,953.0129228786675,926.2085198154247,900.3900535138595,875.6137701510113,851.9329088722968,829.3973718759388,808.052633447872,787.938057000126,769.0859470923742,751.5219057927052,735.2646499618198,720.3252118615827,706.7068177797446,694.4048417604628,683.4060412638673,673.6872488418104,665.2142503348543,657.9414478946926,651.8120679430623
74.99588275099995,1834.174305043204,1812.9759682504757,1790.753292090375,1767.4974009162295,1743.2083271942129,1717.896852455284,1691.58577207749,1664.310293469408,1636.1191975853055,1607.076569472345,1577.26041822423,1546.7576943254826,1515.6594013591007,1484.057316350759,1452.0415986186488,1419.698925706971,1387.1114606628105,1354.3574587078685,1321.5124697158521,1288.6496823319019,1255.840600723659,1223.1567416489872,1190.6710371776855,1158.4580161759018,1126.5925147186458,1095.147799855534,1064.1949750194772,1033.8037760703014,1004.0431540171506,974.9809955286701,946.683351043119,919.2133957257527,892.6308522110485,866.9925348628593,842.352974044146,818.7641659652286,796.2745703964943,774.9275251005512,754.760403682554,735.8050858418368,718.0878961343947,701.6289330602141,686.4420824568555,672.5351114431477,659.909048742686,648.557024319986,638.4632975059905,629.6030704010549,621.9425555765655,615.4384959132823
75.1809234530001,1868.7127430670541,1841.9511172238058,1814.2886283949456,1785.7480932236094,1756.3587374075182,1726.1578533090046,1695.1915750755309,1663.51639984143,1631.2012596827285,1598.32646396913,1564.9790196335944,1531.2480261052337,1497.2216591603403,1462.9850237247733,1428.618514527892,1394.1969893253927,1359.7905633147748,1325.4659818220034,1291.2871178416333,1257.3157862281785,1223.6135630800088,1190.243296544663,1157.2693830697813,1124.7565601944311,1092.7681012404005,1061.365281124997,1030.608223209961,1000.556524138098,971.2690086547929,942.8029850911662,915.2132275940767,888.5514148490682,862.8666858065343,838.2062716470806,814.615250265409,792.1355462343416,770.8043457445015,750.6532538235052,731.7087633874633,713.9921927685497,697.5190140315102,682.2988665241194,668.3356523338441,655.6269198735558,644.1627088868904,633.9245863719802,624.8854704974731,617.0097117808123,610.2527163894342,604.5604274055324
75.36485843299988,1846.4854718435788,1818.908390656143,1790.413153925152,1761.033455994082,1730.8106275405494,1699.794409615547,1668.0444767102147,1635.632513187923,1602.6411624313257,1569.1593559696344,1535.2777191153018,1501.0855671862212,1466.6687722047945,1432.108138867897,1397.4785944333507,1362.8500011079038,1328.288548008006,1293.8572692981884,1259.6168803553776,1225.6276205770848,1191.9507891630858,1158.649048017412,1125.7852430076325,1093.4206291002893,1061.6143687677904,1030.4244137667533,999.9081674333995,970.1222796925156,941.1219456579805,912.9599341094516,885.6860757848501,859.347872182318,833.9911842762888,809.660047575994,786.3957366121003,764.235248440529,743.2105325243335,723.3490365605797,704.6737248605401,687.2024915039182,670.9482625557677,655.9191837899823,642.1180998335807,629.541497624997,618.1786431901206,608.0115082083252,599.0149549207844,591.1564633985805,584.3955597720171,578.6833709425061
75.54890678599986,1861.1765879127909,1828.880400400869,1795.8521985042028,1762.1465062450084,1727.8230261641722,1692.948484437004,1657.5990132284642,1621.8593889703775,1585.8186334006364,1549.5656736834721,1513.186575666765,1476.7626303140246,1440.36893239578,1404.0737565008237,1367.9395394724086,1332.0244269488592,1296.3829312938203,1261.0668935028289,1226.1274384874293,1191.616610883011,1157.5877663665444,1124.0944705740674,1091.1887919949386,1058.9208590943667,1027.3397926121477,996.4944110174143,966.4330621316615,937.2029525912982,908.8492022016628,881.4143538606667,854.9390004530268,829.4624887937406,805.0227476881482,781.6553637968844,759.3920754597183,738.2600123653723,718.2822511207618,699.4778437738266,681.8612419149562,665.4424110074402,650.2270317090318,636.215994372366,623.4043598450017,611.7805157529917,601.3261248713716,592.0163342141958,583.8195288891108,576.6967892902761,570.6015060030888,565.4792775788347
75.73393465500021,1863.4121160668801,1829.1297906145442,1794.0431004294378,1758.2404317522848,1721.8142454072045,1684.8635949370282,1647.4935075002206,1609.8107322403084,1571.9195505648686,1533.9191607415576,1495.9019154200087,1457.9520499413031,1420.1452054642145,1382.5495551601177,1345.2274904672208,1308.2364141517014,1271.6298323630162,1235.4594348109297,1199.7768500504667,1164.6341508031353,1130.0828614375175,1096.172354100025,1062.9495039315616,1030.45971456317,998.7477121674003,967.8574614177627,937.8315754025615,908.7104469471888,880.5318324448436,853.3315500309274,827.1442526196934,802.0033233094396,777.9400172760736,754.9820207269246,733.1527551999657,712.4719976341235,692.9559736052285,674.61684665516,657.4628986233264,641.4987979513811,626.7251623017207,613.1375887011084,600.7258804153673,589.4740671056177,579.3606867642744,570.3586132532506,562.4345877007662,555.5489077111246,549.655312206268,544.7009093198018
75.91771176500015,1838.7748658291391,1802.503145495735,1765.6019791671874,1728.1623313109565,1690.2810735031126,1652.060459271947,1613.6039587692576,1575.0121479592042,1536.38016503219,1497.7960129923956,1459.3393466536147,1421.0810484726503,1383.0844018938733,1345.4068196340722,1308.1006741060128,1271.2144226272715,1234.7947170061607,1198.8881849571092,1163.5419587391325,1128.8027036024923,1094.715032990849,1061.3211813837215,1028.6620464121584,996.77799895332,965.7088149728369,935.4931015638044,906.1674450236152,877.7660124387726,850.321268964594,823.864771649866,798.4270876222574,774.0369610399431,750.7198996409059,728.4975094063233,707.3881479640341,687.4070542932114,668.5658777875377,650.8729016755385,634.3333578145924,618.9490391968801,604.7173833241353,591.630755545843,579.676528738318,568.837427582878,559.0914209530927,550.4113202768178,542.7645373524881,536.1130388731948,530.4132518181053,525.6157496140651
76.10183978199984,1781.1690020573658,1747.0522453588253,1712.2128212374944,1676.7478387961864,1640.761274517595,1604.3595831107834,1567.6473796907512,1530.7247057317472,1493.6851573777553,1456.6145138988275,1419.590170211948,1382.6821815795397,1345.9548773176577,1309.4675900905215,1273.2756928021658,1237.4326320366033,1201.9916448620068,1167.0062337663524,1132.5291517000844,1098.6107835852401,1065.2987946136902,1032.6391564341059,1000.6769494312053,969.4562943966625,939.0197856044425,909.40765272912,880.6573827074683,852.8044633919181,825.883209537309,799.9267186553546,774.9660808851668,751.0290134750087,728.1392481722283,706.3172419403259,685.5803683647872,665.9425126077226,647.4143647092552,630.0038080419104,613.7156090299903,598.5505810416948,584.5049512695653,571.5705266602175,559.7351267899809,548.9825667817287,539.2923476526398,530.6395070267432,522.9946668420246,516.3240315011901,510.58903245190174,505.74554131813494
76.29044976400019,1841.232352692934,1800.6445501386222,1759.3853619675306,1717.6170286832587,1675.4966162763217,1633.172231447278,1590.7808150950525,1548.4467886021696,1506.2811872647376,1464.3815819080958,1422.8335944399064,1381.7129622826592,1341.0866967999186,1301.0145266508434,1261.5513142945094,1222.749132038469,1184.6580722512495,1147.3255438066822,1110.794941420855,1075.1055586858786,1040.2938565351028,1006.3944861073259,973.4404201798455,941.4625661396134,910.4890889550094,880.5451763232675,851.653908952697,823.8371976541595,797.1158359199698,771.5087932826797,747.0319211843944,723.6974007726225,701.5145041375822,680.4898274198298,660.6269196820307,641.9266033392288,624.3873839097231,608.0051561112826,592.7723800780842,578.6774573348927,565.7049033625299,553.8357853755919,543.0477090826573,533.3145124438106,524.6061199341613,516.8885944673677,510.1241409015384,504.2707575352387,499.2815217471988,495.10413295887145
76.47477523399994,1804.9523840207103,1764.352476060698,1723.1206952231373,1681.4250376894836,1639.4240358926222,1597.2645121905487,1555.0801947491034,1512.990829067997,1471.1020853302475,1429.5070665209203,1388.2883715074845,1347.519257503442,1307.265092214201,1267.5857833079642,1228.5378710832915,1190.1753584850865,1152.5490301222515,1115.7051465846432,1079.6853845497685,1044.5281341472314,1010.2695523264608,976.9437262175145,944.5823193133047,913.2139288310394,882.8638863563008,853.5551646872359,825.3093525383055,798.1467457900058,772.0856806050626,747.1412801859815,723.3249446467125,700.6451555788382,679.1077538114694,658.7156143297993,639.4690142144811,621.3660914241577,604.4026014941028,588.5711459580494,573.8606021401979,560.2563511358624,547.7407725550931,536.2932897167244,525.8901231834382,516.5042059754495,508.1052973933726,500.66004909118584,494.1317194618447,488.4795220744573,483.6581556153815,479.61778535432586
76.659096331,1663.6732090978965,1630.3275913347109,1596.3329114091116,1561.8024542172882,1526.8456847072673,1491.5661737252683,1456.0600439691498,1420.415239052429,1384.7124228417615,1349.026464929857,1313.427057844069,1277.9796570306128,1242.7474316109722,1207.7929117961974,1173.1784068294533,1138.9649445744747,1105.2106182959774,1071.9702101900377,1039.2962020514128,1007.2395706230435,975.8497203246087,945.1739248268534,915.256504420588,886.138469846628,857.8582940554637,830.4527721104857,803.9570164911953,778.403711713245,753.821798671824,730.2359168553938,707.6671747328783,686.1334055891234,665.6488316053549,646.2244309368069,627.8684045591529,610.5859489654108,594.3785075878347,579.2432297164931,565.1732329128926,552.1581367254137,540.1841506758133,529.2338737349911,519.286257995103,510.31677287569994,502.2975229451179,495.1970148885213,488.9795588541416,483.604851141636,479.02799620437366,475.1996302373864
76.84406632599985,1560.5656758044788,1532.9214546881813,1504.4976319363711,1475.3800055269899,1445.6537980982089,1415.4015630517576,1384.7019400140573,1353.6300680983363,1322.2586137137462,1290.657959054496,1258.8967425328194,1227.0434391069723,1195.1676661123752,1163.3402879907565,1131.6320703931958,1100.1117684241297,1068.845517694589,1037.89763759513,1007.331243291984,977.2080180556362,947.5875162719693,918.5262229542793,890.0770992907023,862.2902745739516,835.2138436242834,808.8938158856477,783.3733390676607,758.6913667322988,734.8820970042099,711.9757517807483,689.9988528310155,668.973916735801,648.9198626146235,629.8525286415656,611.7845026939491,594.7244392984805,578.6765909590985,563.6411491937881,549.6148624257371,536.5912130391473,524.5603101536508,513.5089501466291,503.4208805611989,494.2770197500999,486.0553270156231,478.73030765619933,472.2726990034644,466.64959447276243,461.8245048232131,457.756925613157
77.0281654700002,1553.9383701363333,1524.411525449179,1494.163789958259,1463.2938718342098,1431.896071278675,1400.0591413481973,1367.8668068264676,1335.3988969495679,1302.731637317346,1269.9382915866713,1237.0908403519888,1204.2613823884317,1171.5223313233057,1138.9451579778172,1106.5985629985578,1074.5479483778224,1042.8562972745256,1011.5848587036429,980.7929888237471,950.5375193423889,920.8718790700918,891.8456984067427,863.5055573875511,835.8958367053276,809.0587182152102,783.0334581360243,757.8551026993094,733.5539737830359,710.1564942657553,687.6855098472737,666.1600296374055,645.5956797973,626.0052665576923,607.3986542609025,589.7821308697701,573.1579892777044,557.5249199639469,542.8786823184839,529.2123370834481,516.5161965539745,504.7779446041961,493.9829621545732,484.1146103457604,475.15416602495856,467.0803937261462,459.86929991770614,453.4943261428487,447.9264797578415,443.1338549138857,439.08059278908013
77.21576231200015,1411.5223309772257,1389.9608019411735,1367.5931133091917,1344.4608566915824,1320.6089493199934,1296.0853895669816,1270.9416519191466,1245.2322700793634,1219.014801452308,1192.3508624587007,1165.306921337704,1137.9539224911794,1110.3654931595504,1082.6156172096405,1054.7776444569683,1026.9247444664538,999.1302006832142,971.4668956978564,944.0063570681216,916.8175884900464,889.9664147550475,863.5159996898977,837.5274950074084,812.0598650476659,787.1690090791609,762.906349363788,739.3182109875125,716.446561680944,694.3292668979763,672.9997810177088,652.487567565606,632.8186434421791,614.0154515255509,596.09623286805,579.0746256559432,562.9600853687358,547.7585924106451,533.4729286625718,520.1026786490361,507.6444064832351,496.09204334518046,485.4372369329444,475.6693566981496,466.7751382765364,458.73851213440275,451.54087231475603,445.16128325093007,439.5760765535909,434.7578050037368,430.67408264940747
77.40104421600017,1458.0013110506054,1430.984670131755,1403.246731208714,1374.8680034550182,1345.9266300123716,1316.4992007477665,1286.6607432786373,1256.485083175689,1226.0462608727876,1195.4196904192604,1164.6821329609174,1133.9102348949987,1103.1785149254456,1072.5586681469038,1042.1202960382348,1011.9314583576588,982.0583980623974,952.5648091472874,923.5108728000766,894.9527910256959,866.9434777446988,839.5333661767279,812.7703784306485,786.6991799565045,761.3598880796568,736.7875616535656,713.0130410971987,690.0632951238293,667.9611960525739,646.7260176037606,626.3740511427126,606.9185456785384,588.3691437355322,570.7315411146883,554.0079657751609,538.1979428410144,523.2986278481942,509.30486452131254,496.2094187617816,484.0034240386034,472.67678997087575,462.2182681694778,452.6151589069068,443.85320369039096,435.9169195668736,428.78987295688574,422.45434463093954,416.89035264101125,412.0744226520384,407.9784374651159
77.58519639999986,1325.1815732442922,1304.6323520241845,1283.390886827761,1261.4783725593811,1238.9229265701197,1215.7589310608587,1192.026758827234,1167.7735736689324,1143.0538937249285,1117.9289931372932,1092.4648939501974,1066.7298339298825,1040.793079441852,1014.7251928704147,988.5981508190167,962.4846641453289,936.4570693816163,910.5860163565995,884.939680386954,859.5841580891295,834.584004527303,810.0019564109136,785.8979627006668,762.3276904819181,739.3418317360373,716.9867788443088,695.3048236911368,674.3338008246399,654.107467162935,634.6560128306704,616.0059070961483,598.1792502439839,581.1933581805073,565.0611738516443,549.7919714057285,535.3916342267978,521.8626622277719,509.20435927919004,497.4132352580185,486.48337390218273,476.40646004232195,467.1714493950071,458.7644257226399,451.1689010369753,444.36605661317054,438.33437652257885,433.04864071917393,428.47866747748367,424.58834002067135,421.3355683726191
77.77275091000001,1361.0689860743655,1335.9282032105168,1310.1551302346377,1283.807486420189,1256.9447452994232,1229.628210400875,1201.9221571902392,1173.8947275222472,1145.6176504063194,1117.1645397162943,1088.6086535477377,1060.021983642594,1031.4757838886226,1003.0409338676029,974.7874884308866,946.7837829437722,919.0953192509628,891.7841610925692,864.909498489559,838.5283393725869,812.6953738000436,787.4621328165467,762.8756105499501,738.9776759515905,715.805842812571,693.393553735482,671.7698993378623,650.9600659916176,630.9859074894842,611.8658453996906,593.6142697131777,576.24116732354,559.7525731313539,544.1513103821741,529.4373020017503,515.6076089136707,502.6566467656063,490.57661605095535,479.35789726288834,468.9891050500729,459.4567848999899,450.7452974381101,442.83714624180095,435.71324709415177,429.35259047800525,423.7312643683271,418.8212270725225,414.589364834809,410.99745031422214,408.0029760672509
77.95766386600008,1342.1472594962254,1316.5729932048537,1290.346649171699,1263.5364858406338,1236.2119893127592,1208.4450100397753,1180.3106576623795,1151.8870270950135,1123.253505841806,1094.4885466572885,1065.6687734363982,1036.8695288594304,1008.165259336101,979.6290878476889,951.3319439973724,923.3414760357638,895.7214733496751,868.5324587330067,841.8324085526081,815.6766460302158,790.1170296006666,765.20060488447,740.9690466477555,717.4594593762316,694.7046921591178,672.7330891958293,651.568969283135,631.2332297415275,611.7432796208014,593.1124738762463,575.349776147822,558.4602450282424,542.4458105223669,527.305622550189,513.03612755962,499.63132474504636,487.08323691353417,475.38234767235707,464.51769892163384,454.47663216643247,445.2447186949806,436.80613444601795,429.1439773761932,422.23997897070666,416.07357675099365,410.6207372729414,405.8530640192612,401.7378059221034,398.23867075842804,395.31639309796384
78.14202241900011,1295.1181876001217,1270.7695972712193,1245.7745051976706,1220.1940906109257,1194.0935451239536,1167.5428063774534,1140.616130053726,1113.3902507291089,1085.9420160408463,1058.3473623049751,1030.6817402655545,1003.0203865887125,975.4377916957285,948.0067331769458,920.7970994313717,893.8752318529685,867.3044446788068,841.1456803789737,815.4573455538505,790.2944490269597,765.7072103882726,741.7404650712817,718.4344342982728,695.8250152985062,673.943512824616,652.8171050435762,632.4694389874553,612.9205601395724,594.1863475930096,576.2781821696708,559.2034421518316,542.9662931043144,527.5680534241557,513.0072914761648,499.2801056086056,486.3806218932793,474.30146106806677,463.0338684695744,452.56749027084385,442.89034086511157,433.9892170035204,425.850056269639,418.45769128940185,411.79496626534035,405.8416050393974,400.57336477040354,395.962090612263,391.97657524859596,388.5831204489134,385.7453463018383
78.32600473299999,1242.5280213320304,1219.6798927866828,1196.2054619761143,1172.1562998534168,1147.590947253789,1122.5742974797347,1097.1755737419235,1071.4657868070158,1045.5165416927553,1019.4003026389679,993.1905123764585,966.9609165716181,940.7844628612928,914.7319991979588,888.8714998162582,863.2684778525982,837.986542351467,813.087144425025,788.6286340113973,764.6647952084107,741.2441859600823,718.4108501032516,696.204556837046,674.6604882888658,653.8096678967336,633.679524435922,614.2937959108624,595.6719444002892,577.8288089028287,560.7750905039005,544.5181360223339,529.0623014661603,514.4090508614983,500.55724146740266,487.5036299525822,475.24335075617705,463.77006017612365,453.07572926664307,443.1506301618161,433.98377121698775,425.56327834081935,417.8761737107501,410.9075182569681,404.6393069152291,399.0496505280772,394.11285956890646,389.8003333253162,386.08115147717774,382.92190769471915,380.28640738428226
78.51076098400017,1285.8512247920362,1257.9253597042853,1229.4550129811892,1200.53434279203,1171.25855091218,1141.7222620593584,1112.0173747582767,1082.2322502036109,1052.4523463980595,1022.7606920187739,993.2375496703471,963.9596370355786,934.9991300256769,906.4231758777431,878.2945750949748,850.6725900273535,823.6129250989148,797.1670005186895,771.3806879741519,746.2938347168936,721.9411447720597,698.3525731330071,675.5531544725659,653.5635599930009,632.400778176286,612.0781246088957,592.6047529309266,573.9853949174166,556.2209249632434,539.309216062249,523.2455695166502,508.02287481484944,493.6319515261487,480.0621085796434,467.30167289131003,455.33818157014343,444.15822141302266,433.7474608697421,424.09113036641565,415.17444878427693,406.98244763438146,399.49915958039156,392.7065604919879,386.5837990015096,381.10732873782104,376.25184677551465,371.99093503413144,368.29694394502684,365.1406359202817,362.4907995485571
78.69494625100015,1233.645308494989,1207.3544170736138,1180.5309521356307,1153.2619989127927,1125.6359220599213,1097.740030977854,1069.6595920049033,1041.4782951867066,1013.2785703720939,985.1411024641687,957.1439144001247,929.3612419287526,901.8629280185597,874.7149956066962,847.9803562418856,821.7186993336895,795.9856835114964,770.8315982268758,746.3008216199731,722.4326429754668,699.2616052127103,676.8172885192448,655.1248283270278,634.2055629738779,614.07701581249,594.7523834153243,576.2402574946531,558.5451754356155,541.6684661761481,525.6086733311269,510.3617116791237,495.9212085602013,482.2790652719076,469.42599016738694,457.35169744620777,446.0447551267604,435.49262717967264,425.6821655265216,416.6000495340594,408.23262439370694,400.5651049026013,393.580533706385,387.25902786612767,381.5779288238075,376.5127592139647,372.0378831731477,368.1264093874589,364.7498543392692,361.8777939692093,359.4775469192405
78.8790033549999,1235.161613532829,1206.4910748719699,1177.3878037726179,1147.9548128066685,1118.2918239944524,1088.494447740187,1058.6548127546337,1028.862040747175,999.2019149277554,969.7561102654497,940.6012090936956,911.8082295504208,883.4433253397578,855.5686142538451,828.2421801493848,801.5173699506303,775.4415539562245,750.0556756800574,725.3951598177167,701.4903340972381,678.3662864775262,656.043451280704,634.5383200137181,613.8634820739434,594.0271674331923,575.0330193737698,556.8806926319745,539.5667441389292,523.0850987061301,507.4272462140291,492.58262227788646,478.5392078859788,465.2841001004602,452.80374817274975,441.0838388949761,430.10937646752654,419.8652128520298,410.3365264659897,401.50870079220135,393.3665695563594,385.89341762018506,379.07027148577276,372.87609446112174,367.28878984815793,362.28590865253653,357.84460083288997,353.9413272532565,350.55156017832525,347.64941663060637,345.2072616224254
79.06285388100014,1180.8440212918988,1154.4703539626857,1127.6250982262377,1100.4029072037279,1072.896211717459,1045.1956243449551,1017.3902020661646,989.5669166944259,961.8097010531276,934.1982943865565,906.8076142919682,879.7083133744933,852.9674777089182,826.6485113924352,800.8103283054161,775.5060188698513,750.7823175244591,726.6804389821747,703.2364384958106,680.481017061959,658.4400646214406,637.1353364938475,616.5844677373358,596.8004970418635,577.7916277631647,559.5618210081165,542.1116875393587,525.4389604477359,509.53870477516836,494.4037157089747,480.02514051085905,466.39307595873646,453.4968353588379,441.32486867042286,429.8648807563283,419.10440347104054,409.0313191904931,399.6337871064934,390.8995386865939,382.8149311873793,375.3642928461047,368.5301745136185,362.29441078152104,356.63888676796614,351.54554921299825,346.99617864305674,342.9721499973156,339.45412553958886,336.42161234532585,333.8522472761339
79.24794974899987,1091.1599032658157,1069.4724639804058,1047.2636842514894,1024.599684233862,1001.5496943879951,978.1858706877831,954.5823351926834,930.8138115311017,906.9540799924106,883.0749803854657,859.2466214341198,835.5377540948492,812.0153531460052,788.7435280256041,765.781930389665,743.1849836409939,721.0025018975768,699.2798529244441,678.0575851719125,657.37181112443,637.2547412931068,617.7345726030802,598.8349018216076,580.5743906612635,562.9672764956778,546.02419449105,529.7525921536665,514.1568915504687,499.23884992634197,484.99815301662545,471.43299200446313,458.5403173907303,446.3157525699369,434.75371141844226,423.84797494244486,413.59222396848855,403.97997862030013,395.0039104452306,386.6549155810821,378.9214821299,371.7899660803379,365.2456784452249,359.273679425183,353.8588179260078,348.9855328941172,344.63764359264877,340.7980723943943,337.44843215337204,334.5683350693579,332.13467942764515
79.43201139400026,1065.4050373764414,1043.491075909791,1021.1278716520803,998.3807648016696,975.3183424605655,952.0114513250943,928.5318054114271,904.9504138179299,881.3365569621532,857.7579703208058,834.2811932960095,810.971127778244,787.8899275887468,765.0953864663169,742.6401500304146,720.5723193625762,698.9356008953373,677.768922910803,657.106811007415,636.9799170183895,617.4149052801552,598.4338670411112,580.053989786958,562.2880755592483,545.1453742065538,528.6320127008714,512.7511759039122,497.5034896283632,482.88764040614853,468.900983016855,455.53982913516506,442.79939996654025,430.6739872348349,419.15757760453596,408.24443752947275,397.9291092503487,388.20578374752546,379.0674389423758,370.5052761700767,362.5090690694785,355.0683273020606,348.17317059080034,341.81445101418336,335.9836395473163,330.6727034128914,325.87391716299925,321.57953879500843,317.7812069457205,314.46910620818323,311.6309361087402
79.61604033200001,1062.3069949596202,1039.0623928987436,1015.3834158244433,991.354032837464,967.0588998266663,942.5820560949176,918.0054430611341,893.4079723307713,868.8658011465266,844.4527719464703,820.2400598159641,796.2951483357609,772.6803009063444,749.4518524830081,726.6608889461153,704.3534684505923,682.5703047770985,661.3472048225557,640.7156545453084,620.7027571419532,601.3306941665167,582.6164363254334,564.572298014687,547.2068015569108,530.5251323147888,514.5293401315761,499.2187380300631,484.59053268638854,470.64043785293296,457.3629642258969,444.75136877870756,432.79780809185587,421.49395094410096,410.83154735514495,400.8024050174974,391.39773915788464,382.6072843758066,374.418701758885,366.81789572232753,359.79014331382484,353.3209318345899,347.39604310538664,342.00140080023175,337.12290788183304,332.74621757528473,328.8563697466421,325.4371493455508,322.4702146265021,319.93418767630436,317.80417777145783
79.8009093730002,1039.2091805923976,1015.7504510854488,991.9129905406685,967.7833202316751,943.447294312166,918.9886031122284,894.4878280882465,870.0227062768317,845.6685608258699,821.497941243177,797.5795937283809,773.9769285410673,750.7473092229596,727.9427307924909,705.6100411606279,683.7906257062033,662.5208470752507,641.832634457318,621.75342606418,602.3056354803898,583.5063685878544,565.3679851090287,547.8989707136832,531.1044008610227,514.9861518309674,499.5433098856533,484.772813093142,470.67007700804726,457.2292977289853,444.44341538099553,432.3042825820112,420.80329318695414,409.93196852695655,399.68195210609065,390.044378816291,381.00900723238146,372.56364829334115,364.694504813916,357.3873245529671,350.62826266053213,344.403991787713,338.70157621903087,333.5083369775844,328.8116512326294,324.5986177435741,320.85544483858564,317.56660845035856,314.7139725108519,312.27630145426247,310.22946168994997
79.98502664199987,1014.7837643061647,990.8711915855849,966.6880344390974,942.3178037928016,917.8419472789569,893.3389074570541,868.8843879562685,844.5517843103711,820.4118233138681,796.5315314435203,772.9726994671519,749.7911682168939,727.0375027953376,704.7572096046505,682.9904162695182,661.7723066428478,641.1337052638956,621.1010151036196,601.6956793692037,582.9338941660128,564.827166151627,547.3831812113326,530.6062654060028,514.4975937203691,499.05559762224146,484.27660602968206,470.15547094150895,456.685871307451,443.86027823824406,431.6701261625566,420.10644526762525,409.16045247965565,398.82355197982463,389.0867113444877,379.9396018933438,371.37003656681196,363.3643197843806,355.9084120096564,348.98880483414837,342.59264484361773,336.7076225948458,331.32185360858074,326.42369464955357,322.00142695320795,318.0426628058047,314.53352289009547,311.4577765674729,308.7963746926399,306.52765428279616,304.62769013818433
80.16907662099993,958.021707725749,937.4140975400987,916.4218969028527,895.1216960913587,873.5894876187655,851.9006384269239,830.130045640456,808.3515197546768,786.636515674336,765.0523784505307,743.6614282929976,722.5214516212378,701.6857519530188,681.2026800401198,661.1159347251911,641.4650281341387,622.2851182558837,603.6063788818435,585.4536328969434,567.8468422520361,550.8019198514077,534.33114382598,518.4433289605571,503.1442055510445,488.43703958253855,474.3232448087595,460.8026796674081,447.87361152444754,435.53289228202743,423.77660014999543,412.6006443349668,402.0007831747113,391.9720213711441,382.507774501504,373.59933375402227,365.23624499188304,357.40750454776725,350.10246725941556,343.31100472739644,337.02342985620396,331.2304143304663,325.92284205264036,321.09152996341476,316.7266724157346,312.81705627808543,309.3492386971001,306.3071168669091,303.67216886737407,301.4238056688675,299.53936721926596
80.35403428400014,933.2827296406386,912.8674715642724,892.1098618783388,871.0851052543309,849.8680613126367,828.5333534104929,807.154708153821,785.8036460772871,764.5476903495736,743.449418076708,722.5669209519685,701.953829028531,681.6588169977125,661.7258844175442,642.1948034770521,623.1009373210466,604.4745988843538,586.3406762088094,568.7191175603801,551.6257415742814,535.072652900048,519.0684181235731,503.61845225790023,488.72564971629316,474.39101037675454,460.61395370633215,447.3923034757422,434.7224871387263,422.60020471606487,411.0210639762652,399.98063247429104,389.47387212796417,379.4943445275586,370.03371992696356,361.08220400464603,352.62978475939605,344.66719498782544,337.18612823045777,330.17922411726596,323.6400495929139,317.56301882967034,311.943182978045,306.7757455959654,302.05535053675976,297.77533375879074,293.9273678583818,290.50177775699996,287.4879669168996,284.8743183423041,282.64748454024516
80.53790268500006,876.4100066204873,858.0881396702786,839.4924996310605,820.6769347990708,801.6979839351336,782.6139942389035,763.4835945999064,744.3636924165561,725.3083197595556,706.3688966207105,687.5940658237246,669.0290196063678,650.7156097888852,632.6926354443685,614.9955113021845,597.655486930443,580.6991426725151,564.1487555742239,548.0230003783914,532.3372658481079,517.1037409358634,502.3317207903775,488.0281661829497,474.1982666065162,460.84569964212596,447.9725687379471,435.5795630830944,423.6665940217366,412.23340440636986,401.27960106285786,390.804075664868,380.80420183982665,371.27534109125685,362.2112712728809,353.6054396375838,345.45193557714407,337.74572061877035,330.4826312978321,323.659381083615,317.2735038690833,311.323169882238,305.80672956979816,300.72203194332764,296.06570855784275,291.83285162625856,288.01736439391357,284.61242282911707,281.61041255380496,279.0022085378583,276.77610503017286
80.72213507700008,869.4217467210606,850.8632954588669,831.9775007864628,812.83567225128,793.5098857064345,774.0714710084701,754.5890306385057,735.1273138460884,715.7475129725321,696.507135536374,677.4593711837113,658.6532445955525,640.1339475253728,621.9425525317145,604.1152778577567,586.6830289068431,569.6718090883833,553.103464708236,536.9960438178505,521.363923243653,506.2181535403725,491.56705524573334,477.41681652544224,463.7717846756738,450.63443353419865,438.0055504190592,425.8848970047003,414.2718405242229,403.1654054832076,392.56371121662903,382.4631831641343,372.8580705194101,363.7408840762799,355.1036563971913,346.93891953700097,339.23993801886155,332.0007128256703,325.2159827409999,318.8811657204896,312.9921713342403,307.5449400270325,302.5347558960412,297.9555243795034,293.79944359749686,290.05734772181904,286.7191616992261,283.7738315366328,281.2085979731779,279.0079907803831,277.15336094839347
80.90708599000027,872.8428538933855,852.6024253523914,832.100168745001,811.4210578257433,790.6475361478545,769.8576604865398,749.124098174857,728.5145441278348,708.0917103986659,687.9128067621627,668.0298029304157,648.48986519652,629.3351697936629,610.602262234044,592.3216879700387,574.5184871175934,557.2130179454032,540.4213891297123,524.1556551306153,508.42422460997335,493.2325154804834,478.5836069167449,464.4785810617884,450.9165367657784,437.89481927599877,425.409720598571,413.45714723747795,402.0327058159353,391.1311722305243,380.7457325283878,370.8675284714423,361.4861219089225,352.5907803704336,344.17147938431174,336.2191594729987,328.7257538245104,321.68421318802297,315.08847086494103,308.9332790004678,303.21377205887046,297.9248042881692,293.06025264119626,288.6127139328192,284.5738746117594,280.93499243312425,277.6868541600871,274.8190769949316,272.3191308089526,270.1718519082783,268.3595536924396
81.09448208899994,810.4292116754626,793.3887184112724,776.0723605504761,758.5451558501426,740.8710139392451,723.111433703388,705.325632311752,687.5702597776174,669.8986183454216,652.3606778827182,635.0032804461708,617.8697365047998,600.9989821250304,584.4250223642867,568.1772534004244,552.2811277881881,536.7584424464918,521.627403267354,506.90291574593044,492.5971346570174,478.7200225121476,465.2796089112484,452.28193249199467,439.73120875596186,427.6304778522739,415.9822283905735,404.78844716552004,394.05005983539127,383.7661501556114,373.93349016269974,364.5469948845423,355.6010034682536,347.09028173493374,339.01028364338987,331.3571872181172,324.12793107124054,317.3201939961753,310.9322484680777,304.9625435866523,299.409063940164,294.26865554967804,289.5367473823891,285.2077465364095,281.27554611970464,277.73350969846445,274.57379976986033,271.78642708881546,269.3587913489084,267.2758009753661,265.51998287185484
81.27881143600007,803.1861237730083,785.5308061754943,767.6254370298914,749.5424232293685,731.3509215192322,713.1170050305017,694.9034175185619,676.7688339631558,658.7679181419014,640.9515698470028,623.3665637917455,606.0547491336068,589.0525345379789,572.3912510381177,556.0978568580482,540.1952636212228,524.7024376945742,509.63472596248346,495.0044389839887,480.82144122493577,467.0934404631421,453.825958077395,441.0225235278775,428.68534715538044,416.81596743349667,405.415322631757,394.48321201925023,384.0175343056922,374.0138358188509,364.4657821031318,355.36645494330736,346.70936993766225,338.4887522183578,330.6995859894199,323.3376641252115,316.3995804170867,309.8825954088082,303.78423145619274,298.10164358297595,292.8309573771804,287.96700249311124,283.5037199275061,279.43468214746315,275.75308998803024,272.4511138035181,269.51895571664886,266.9444034643321,264.71296357969567,262.8079847155277,261.2106451216831
81.46390988800022,767.9818288817321,751.339252608723,734.5089923108135,717.5499129043732,700.5191887155954,683.4719440099152,666.4604025302073,649.5338373666515,632.7387144302984,616.1182320809037,599.711426251032,583.5525663259643,567.6714342996553,552.0939515754391,536.8424329813375,521.9356218489581,507.3889555088359,493.2150941789886,479.4244629325222,466.0254988122163,453.0245847529555,440.42621355375564,428.2336359483756,416.4494888206517,405.0758534270562,394.11370865493234,383.5621669079,373.41802500822433,363.6762436884394,354.3312575600506,345.37801056305426,336.81225436797996,328.630625267546,320.83072565816724,313.41115254455406,306.37140383874436,299.71151790166545,293.43149268997786,287.5306755172703,282.00755172907463,276.8602101593454,272.08692410481876,267.6862113482309,263.65624027624466,259.9939584408402,256.6947135044822,253.7524536809614,251.15991777390943,248.90853756715805,246.98796064470025
81.64794495200022,673.7869710265073,663.0819492032795,652.0922568290033,640.8418989297581,629.3589005451516,617.6739222642495,605.8196958493769,593.8306752403654,581.742107044327,569.5886909869741,557.4035563419355,545.2181472792618,533.0624816256269,520.9650624692031,508.9525960947239,497.04996504324754,485.28048854956455,473.66621918090027,462.22796676918193,450.9850302313759,439.9551793832896,429.155139608255,418.60107420495643,408.30851303591476,398.29169125854736,388.5626844902697,379.1308715745756,370.0033373240869,361.1861159668637,352.6851691801165,344.5066351115668,336.6568629076037,329.1424578886531,321.97027890728265,315.1473178281596,308.6803158141619,302.57516208853707,296.83626556244906,291.4663270826934,286.4667896992884,281.83840529970735,277.5812808307986,273.6942709253657,270.1740931356333,267.0149356509821,264.2086446337607,261.74490138314695,259.6111122764739,257.79203559840187,256.26952262538384
81.83178447899991,737.9592476601276,721.6551790898584,705.1569372481398,688.5311149106888,671.8409800211618,655.1463860263299,638.5038850978037,621.9662458125483,605.5815437012224,589.3925490383599,573.4370035579544,557.7482496760839,542.3554910532503,527.2838376579415,512.5545840459059,498.1857532417723,484.1926553657846,470.58815257621706,457.3826115351609,444.5840862288098,432.1989848214729,420.2327162588197,408.68976618963234,397.5731669770064,386.8837491670748,376.61970661417604,366.7770886750007,357.35112122958856,348.33725143159677,339.73145358584424,331.5303116432788,323.7311043927303,316.33183578736515,309.33114120706466,302.7279251597415,296.52077686430215,290.7073548294826,285.2841688587145,280.24703750535696,275.591659898012,271.31366567755504,267.40801033055976,263.86809253581436,260.6853637622703,257.8495175594707,255.34866900375843,253.16924744890147,251.29562683642067,249.7098710233752,248.3920007075981
82.01673422600015,693.0162053834753,679.2116411248712,665.1653146240667,650.9320406061222,636.5653886301878,622.1175690989654,607.638735574813,593.1758722235478,578.7719910115127,564.4662304493525,550.2943194499966,536.2886850118397,522.4783566747161,508.88911617119294,495.54392430281865,482.4633737740067,469.6658591017835,457.16744432432904,444.98197083106976,433.12165846945305,421.5976951110428,410.4202637106946,399.59797109689254,389.13706533566267,379.04097335237435,369.3107717235784,359.9464919131677,350.9481543904953,342.3160685839539,334.05091373695353,326.15382634430694,318.6264362276142,311.4707816933813,304.6889589407252,298.28255184572015,292.25203294041034,286.5965637385809,281.3144721712005,276.4038458047816,271.8626043509322,267.6879185295675,263.8753516893294,260.41849421730257,257.30917797747924,254.53768104204624,252.09264566495509,249.96073355160047,248.12639567629546,246.5721456522162,245.2789734718698
82.20095716000014,629.4699044267297,618.8399574094879,607.9992903789724,596.9739257219039,585.7925045804137,574.4852808590615,563.0827071242988,551.6143388785994,540.1086505470747,528.5932280032212,517.0946173448368,505.6379836337312,494.2470285776943,482.9441995529487,471.7509389024616,460.6876646853103,449.77346353011274,439.0260377359997,428.46215950381054,418.09812712943557,407.9496717776943,398.03127860717996,388.35530857971116,378.9314520987968,369.7671268271033,360.8687203805959,352.24257175270526,343.8952278358886,335.8334895244438,328.06447250061046,320.59562419692435,313.43462682577746,306.58904110489016,300.0657362833957,293.8702967805378,288.0068330993927,282.47847430468124,277.28798027894885,272.4378368199248,267.9297002078307,263.7635672221804,259.93744022348744,256.44757412737823,253.28871512513467,250.45405368898176,247.93491550058062,245.72056713160137,243.79852504750977,242.15495221803363,240.77463996408278
82.38464864900016,661.8284573053461,648.4040675309625,634.7677735698334,620.9752974104132,607.0804741315688,593.1340784916961,579.1829678714366,565.2701330149472,551.4351197833577,537.7141002766454,524.1397459197698,510.74135059024974,497.54523548081295,484.57518410559607,471.85259825778,459.3963553467679,447.22290915967574,435.34688694207495,423.7816777389085,412.53946080647205,401.6306381296522,391.0630577018099,380.8415590851152,370.9684540149635,361.4448431914953,352.2716635809447,343.45000308070075,334.9811975294695,326.86693566771294,319.1093140453446,311.71077226840896,304.6737637074453,298.0002077564477,291.6909144263296,285.74540939282434,280.16243722933945,274.940581463095,270.0783649229978,265.57369739450365,261.42304692783523,257.6211047618342,254.16103101770997,251.03469132337494,248.2326071933552,245.74364406959472,243.55481409930601,241.6515824489506,240.01826164669768,238.63802071042048,237.49277094853645
82.56857900700015,623.450380540345,611.7560667909208,599.8642990121169,587.81700936202,575.655027000526,563.4170504125076,551.1395332916996,538.8569479620812,526.6017053056354,514.4038842691368,502.2912193820824,490.2893782257354,478.4222774120535,466.7121279464194,455.17919039507865,443.8417818318516,432.7167873353238,421.8201708088594,411.16693372884606,400.7704856201583,390.6418126577649,380.78897563632216,371.21754978299447,361.93190726012875,352.9362363798998,344.2348340831752,335.8321863639439,327.73306194809834,319.94256093236976,312.46604849023004,305.3088284894065,298.47560283888197,291.9699070850058,285.79395011848044,279.9491354696797,274.43670258132966,269.257851279804,264.4132162132345,259.90206735367565,255.72200627193095,251.8692450783959,248.33887791957426,245.12486757103,242.2197707314587,239.61457877364862,237.29906240784894,235.2622043796463,233.4922465589421,231.9765434237669,230.7013966578971
82.75361804500017,605.9263436900219,594.8468602336596,583.5522340963969,572.0843120515566,560.483207825266,548.7871236454289,537.0325546083168,525.2541546724854,513.4844171678529,501.75361804662026,490.09005359448093,478.5203209273995,467.06933190610374,455.76004064243926,444.6134263233369,433.64898387529416,422.8852169961712,412.33958191886234,402.02784547134195,391.9632436052767,382.15597141722856,372.6136169297291,363.3424392814983,354.3483851627399,345.6373798731594,337.2154075212897,329.08860552313985,321.2633149672051,313.7460168258314,306.5430087425513,299.6598681097928,293.1008918643931,286.86894078141773,280.96596567302447,275.3936538208124,270.15355881199105,265.24658050585253,260.67217119477203,256.42803764352243,252.51042588311074,248.91439863877963,245.63382792952078,242.66112644641575,239.98709447369663,237.60127082109372,235.49237190697505,233.64834537004887,232.0562302377251,230.70201575937546,229.57050589864994
82.93766052499996,587.7103022788623,577.126441850888,566.3364467566578,555.3785713846024,544.2896924788234,533.1054540046149,521.8600769550997,510.5859870682341,499.31370872339636,488.0720567445511,476.8883744143891,465.78850828554044,454.79649989572346,443.93453602768665,433.2234099376579,422.68298796864053,412.33212979411826,402.1880257315755,392.26533716902895,382.5756709976183,373.1280001862655,363.9299310175549,354.9887106930295,346.3115115612131,337.9055063668345,329.77795956402167,321.9362761505851,314.3879378990925,307.1401816158321,300.1994650493267,293.57091078873174,287.25815585090953,281.2638842862174,275.59048105927593,270.2401703068092,265.21450463404494,260.5135814513764,256.1357559741566,252.07793770158764,248.33588019376114,244.9041866221888,241.7760546365684,238.94313724334822,236.39590809132497,234.1241152241543,232.11684959029986,230.36242024230012,228.848228227027,227.5606344679011,226.4849096235268
83.12156575900008,529.0208422364301,521.7609578729587,514.2795564366244,506.58904369022696,498.70440196758517,490.6426862510111,482.42234714327014,474.06283060690777,465.584487505642,457.0085422911405,448.35681221750485,439.65115776875854,430.91320632447497,422.1646016997168,413.4272740372263,404.7231782277755,396.07346411539584,387.4974642518054,379.01202973350155,370.6318258313993,362.37048745234387,354.24152761876564,346.2585346661316,338.435171980488,330.7852047282454,323.322494437286,316.06089070564786,309.01387407307476,302.19399508907827,295.61229934092256,289.2781655770096,283.1998337077702,277.38506040885903,271.8412649141988,266.5750311625971,261.59134181798026,256.8933133194001,252.48251832338394,248.35930491559793,244.52283463399402,240.97086241923452,237.6996347642313,234.7042940343086,231.97937259070721,229.5189025737692,227.31633283274604,225.36444454442372,223.6552603436552,222.17995921335793,220.9286647653485
83.30679224899995,560.885980612522,550.5972857386035,540.1373114384172,529.5411547347306,518.8428760751365,508.0750726006237,497.2687213733889,486.45332427735536,475.6571028560513,464.90693361232445,454.22800379725686,443.6437292354303,433.1761865056639,422.84655378110216,412.6750084565725,402.68004488219293,392.8775981253116,383.2805045338456,373.8989111197293,364.741534168295,355.8166606734666,347.1324287495754,338.69690132216726,330.5181580512125,322.604346861379,314.96362487945845,307.6038433410313,300.53202202518685,293.7538035003423,287.27331482742875,281.0937140017732,275.21785934392324,269.648464896901,264.38760844674954,259.4359681218411,254.79255714424824,250.4550434943594,246.42006424579128,242.6832569745648,239.23903170228,236.08045997181446,233.19966933721085,230.58832719492352,228.23774009240947,226.1387602667847,224.28169120860764,222.65618731479077,221.2511601080667,220.0545935987588,219.0533334860967
83.49100147499985,520.4786743409306,512.5395612957315,504.38789740992337,496.0455601913297,487.53529711107615,478.88035112928446,470.1043969073763,461.2315366974727,452.28604698217134,443.2918562822468,434.2722959284201,425.2503762406143,416.24908243361955,407.2911382973337,398.39820080943076,389.5898713724448,380.88305416069034,372.29227326096225,363.8308486404321,355.5118241401342,347.3481832219533,339.3528663339983,331.5388144017044,323.9189793699149,316.5062311477779,309.3130150752725,302.35080503504935,295.62954206820734,289.1574857285527,282.9417550591122,276.9889970187364,271.3055450495338,265.8969340510277,260.76714738103004,255.91836513592617,251.35130016486397,247.06553128089305,243.0595557901945,239.33058452575617,235.87445571814075,232.68605572451077,229.75983028567376,227.08991219039928,224.67005684114432,222.49357725319678,220.5532732810452,218.84136726935225,217.3493484116524,216.06774390652214,214.98596818351638
83.67495466699984,535.9860112773686,526.2852017134263,516.3988486470208,506.36295386031134,496.2121290762528,485.9796729167162,475.6977048633943,465.39704639721276,455.1068289851754,444.85437009870117,434.66556921928316,424.56531777573167,414.57737078835333,404.723643196407,395.0233164606232,385.4922858979058,376.1435604669247,366.98851512761064,358.03788910970565,349.30206599513673,340.79114968952007,332.515061028174,324.48359620209243,316.7063766331563,309.19254470762775,301.9502507906501,294.9861216846545,288.30513807259285,281.91119813545754,275.80780547449456,269.99824432619937,264.48510862628683,259.26956082433213,254.35108997355982,249.72785581103432,245.397028540112,241.35484667240738,237.59641633841773,234.11562860841727,230.9055830395193,227.95910129884464,225.26885690739402,222.82731274905316,220.62665801177712,218.6587394743575,216.9149994401212,215.3863226888284,214.06281060863049,212.93363962365657,211.98699326549402
83.8598897070001,484.2730663191635,477.61017903726605,470.7320005840063,463.6530962867834,456.39002173988104,448.9611730833702,441.3863938157198,433.68631909251246,425.8819997240861,417.99505862634896,410.04787426041025,402.06323924287034,394.0634573456745,386.06926457566243,378.09910476351644,370.16937124482047,362.2955145275687,354.4929089745885,346.7770140343437,339.16334367172004,331.66746827908173,324.30498975646975,317.091418870933,310.0418087697916,303.17018952808723,296.4889933482198,290.00889741023656,283.7393610262603,277.689294703199,271.86722358774125,266.28081134970216,260.9361199203495,255.8373741406933,250.98731758100058,246.3875688043213,242.03870000605642,237.94006102583535,234.08972487087428,230.48494257244496,227.12269083669807,223.9998381484413,221.1131205858636,218.4591186230289,216.03422943600347,213.8346466054368,211.85624916356707,210.09441770559835,208.54393421661186,207.19887344726098,206.05230691562778
84.04403239300018,503.1937153133641,494.40680909785164,485.45496239286337,476.366988533604,467.17152034262296,457.89678545257874,448.57011380422426,439.2177187485127,429.86500387986644,420.5368896512424,411.25760759612126,402.0499251346581,392.93418651496876,383.9277002707708,375.0450848091879,366.2994721233744,357.70346281833355,349.2693681939979,341.0092532902785,332.9350054624794,325.05836949222737,317.39087868217655,309.9435361639649,302.7262916657732,295.7475037305602,289.013814759562,282.5307159102699,276.3032398253605,270.336144032936,264.63345143230003,259.1977236300108,254.02983651769574,249.12934467651104,244.4948441907444,240.12405609758645,236.01365374899382,232.15921048867574,228.55565571357383,225.1978230124907,222.08061625542558,219.19898509006083,216.5479013041582,214.1223307351716,211.9172127688778,209.9273495075457,208.14722244372416,206.57089339050594,205.19189758472382,204.00295589451002,202.99561670465468
84.23174848500003,478.5350190538274,470.70150115209697,462.7164823481899,454.6008980469168,446.37654355652614,438.0654818881829,429.6897278376084,421.27146096812965,412.8332619388975,404.3978203061256,395.9870769952514,387.6211871415906,379.3178337608532,371.09250388425846,362.9596271214432,354.9334697621208,347.0283200432213,339.25847833460836,331.6382766311553,324.18206815161255,316.90411626826176,309.81823675724695,302.93723836493905,296.2723514226362,289.8330716209999,283.62769570896455,277.6639868307339,271.9493320826948,266.4902584528285,261.2916826650017,256.356664088833,251.68674708298562,247.28230215321793,243.14258796896823,239.26555735107928,235.64778349230068,232.28489436245434,229.17209889933613,226.30433079524127,223.67620130183215,221.28195251039742,219.11540582121233,217.16991771245654,215.43824499628275,213.91233754579866,212.58321543432137,211.4408386388869,210.4737965221922,209.66902059766434,209.01196149348914
84.41682589599986,485.32643858468816,476.41000902682293,467.36459549816374,458.2199566499054,449.0049364868193,439.74723335247677,430.4736963549324,421.2106431464714,411.98364674910704,402.816754274026,393.7315229620186,384.7464038078411,375.8770842701742,367.13768995617653,358.54173837010813,350.1023803781431,341.8324432092019,333.74449948246075,325.85090319608673,318.163722061965,310.6944203594226,303.45333750474384,296.44915228476447,289.6887600929554,283.1778401674538,276.9215507839803,270.9247152264706,265.1913649378931,259.72401560978363,254.52344560106124,249.58906327512955,244.91927284665758,240.51156097846453,236.36232742205226,232.46683612636963,228.81967490935358,225.41530741338525,222.24824324967344,219.31301782207683,216.60417332543264,214.1162356378421,211.84369918826306,209.78092192042251,207.92194823006193,206.26041666721326,204.78946036012184,203.50142713110222,202.38762251377287,201.43844100126896,200.6436664014978
84.60475006600018,474.6560225543608,465.7876490009641,456.8154512861917,447.76713531942147,438.6693916704387,429.54817660511367,420.4290150943765,411.336773571535,402.2948653601876,393.32427426581177,384.4429266532408,375.66602356532684,367.0072328208595,358.47963422670097,350.0959535990427,341.8685994544889,333.80972690127606,325.93126970418723,318.24486994677,310.76155950290024,303.4912385539628,296.4421411399794,289.6207151237066,283.03219360821754,276.6812958021552,270.57242019653256,264.7091964958774,259.09377210117856,253.7266025719207,248.60683268975458,243.73267774445415,239.10152730627678,234.70979479496992,230.55288927812214,226.62569759118009,222.92316048579258,219.44046868268492,216.17307027419565,213.11668090719638,210.26729137997958,207.62118462438232,205.17486405702167,202.92491100949485,200.86792782897635,199.00047436927062,197.3188245664921,195.81874598981813,194.49566733166787,193.34492748681893,192.3614758005816
84.78899183300018,449.39261682039796,442.1361245587132,434.7105257575067,427.1401862753803,419.4499511107983,411.6653060262,403.81201779962373,395.9152160358596,387.9983019525644,380.0822143099403,372.1856638203389,364.32623570144034,356.5212531871203,348.78793733194505,341.1433765805001,333.6045302187111,326.1882062501599,318.91094267864867,311.78864595994474,304.836031407611,298.0660550916347,291.4897641645577,285.1168422197396,278.9562872512564,273.01658466825995,267.3052414113166,261.8280565905631,256.58889771466954,251.59006879567278,246.8326796349855,242.31673826271287,238.04098957301412,234.00287634624672,230.19901053482135,226.6257383316097,223.27932473787723,220.1559489462626,217.2517018706026,214.56258038907464,212.0844902377936,209.8131595388279,207.7439807081024,205.87193740713013,204.19152436947235,202.6964869467589,201.37958345673113,200.23273553260162,199.24726040269076,198.41363603023592,197.72118768716726
