timeStamp,filteredValues
1.3474859020006988,0.0,0.0,0.0,0.0,0.0,0.0,0.0,0.0,0.0,0.0,0.0,0.0,0.0,0.0,0.0,0.0,0.0,0.0,0.0,0.0,0.0,0.0,0.0,0.0,0.0,0.0,0.0,0.0,0.0,0.0,0.0,0.0,0.0,0.0,0.0,0.0,0.0,0.0,0.0,0.0,0.0,0.0,0.0,0.0,0.0,0.0,0.0,0.0,0.0,0.0
1.9980648320015462,0.0,0.0,0.0,0.0,0.0,0.0,0.0,0.0,0.0,0.0,0.0,0.0,0.0,0.0,0.0,0.0,0.0,0.0,0.0,0.0,0.0,0.0,0.0,0.0,0.0,0.0,0.0,0.0,0.0,0.0,0.0,0.0,0.0,0.0,0.0,0.0,0.0,0.0,0.0,0.0,0.0,0.0,0.0,0.0,0.0,0.0,0.0,0.0,0.0,0.0
2.650204912000845,0.0,0.0,0.0,0.0,0.0,0.0,0.0,0.0,0.0,0.0,0.0,0.0,0.0,0.0,0.0,0.0,0.0,0.0,0.0,0.0,0.0,0.0,0.0,0.0,0.0,0.0,0.0,0.0,0.0,0.0,0.0,0.0,0.0,0.0,0.0,0.0,0.0,0.0,0.0,0.0,0.0,0.0,0.0,0.0,0.0,0.0,0.0,0.0,0.0,0.0
3.2974851130002207,0.0,0.0,0.0,0.0,0.0,0.0,0.0,0.0,0.0,0.0,0.0,0.0,0.0,0.0,0.0,0.0,0.0,0.0,0.0,0.0,0.0,0.0,0.0,0.0,0.0,0.0,0.0,0.0,0.0,0.0,0.0,0.0,0.0,0.0,0.0,0.0,0.0,0.0,0.0,0.0,0.0,0.0,0.0,0.0,0.0,0.0,0.0,0.0,0.0,0.0
3.9482614120006474,0.0,0.0,0.0,0.0,0.0,0.0,0.0,0.0,0.0,0.0,0.0,0.0,0.0,0.0,0.0,0.0,0.0,0.0,0.0,0.0,0.0,0.0,0.0,0.0,0.0,0.0,0.0,0.0,0.0,0.0,0.0,0.0,0.0,0.0,0.0,0.0,0.0,0.0,0.0,0.0,0.0,0.0,0.0,0.0,0.0,0.0,0.0,0.0,0.0,0.0
4.5979396300008375,0.0,0.0,0.0,0.0,0.0,0.0,0.0,0.0,0.0,0.0,0.0,0.0,0.0,0.0,0.0,0.0,0.0,0.0,0.0,0.0,0.0,0.0,0.0,0.0,0.0,0.0,0.0,0.0,0.0,0.0,0.0,0.0,0.0,0.0,0.0,0.0,0.0,0.0,0.0,0.0,0.0,0.0,0.0,0.0,0.0,0.0,0.0,0.0,0.0,0.0
5.245300160000625,0.0,0.0,0.0,0.0,0.0,0.0,0.0,0.0,0.0,0.0,0.0,0.0,0.0,0.0,0.0,0.0,0.0,0.0,0.0,0.0,0.0,0.0,0.0,0.0,0.0,0.0,0.0,0.0,0.0,0.0,0.0,0.0,0.0,0.0,0.0,0.0,0.0,0.0,0.0,0.0,0.0,0.0,0.0,0.0,0.0,0.0,0.0,0.0,0.0,0.0
5.897403220000342,0.0,0.0,0.0,0.0,0.0,0.0,0.0,0.0,0.0,0.0,0.0,0.0,0.0,0.0,0.0,0.0,0.0,0.0,0.0,0.0,0.0,0.0,0.0,0.0,0.0,0.0,0.0,0.0,0.0,0.0,0.0,0.0,0.0,0.0,0.0,0.0,0.0,0.0,0.0,0.0,0.0,0.0,0.0,0.0,0.0,0.0,0.0,0.0,0.0,0.0
6.548229035000986,0.0,0.0,0.0,0.0,0.0,0.0,0.0,0.0,0.0,0.0,0.0,0.0,0.0,0.0,0.0,0.0,0.0,0.0,0.0,0.0,0.0,0.0,0.0,0.0,0.0,0.0,0.0,0.0,0.0,0.0,0.0,0.0,0.0,0.0,0.0,0.0,0.0,0.0,0.0,0.0,0.0,0.0,0.0,0.0,0.0,0.0,0.0,0.0,0.0,0.0
7.195246779001536,0.0,0.0,0.0,0.0,0.0,0.0,0.0,0.0,0.0,0.0,0.0,0.0,0.0,0.0,0.0,0.0,0.0,0.0,0.0,0.0,0.0,0.0,0.0,0.0,0.0,0.0,0.0,0.0,0.0,0.0,0.0,0.0,0.0,0.0,0.0,0.0,0.0,0.0,0.0,0.0,0.0,0.0,0.0,0.0,0.0,0.0,0.0,0.0,0.0,0.0
7.846336694001366,0.0,0.0,0.0,0.0,0.0,0.0,0.0,0.0,0.0,0.0,0.0,0.0,0.0,0.0,0.0,0.0,0.0,0.0,0.0,0.0,0.0,0.0,0.0,0.0,0.0,0.0,0.0,0.0,0.0,0.0,0.0,0.0,0.0,0.0,0.0,0.0,0.0,0.0,0.0,0.0,0.0,0.0,0.0,0.0,0.0,0.0,0.0,0.0,0.0,0.0
8.498175526001432,0.0,0.0,0.0,0.0,0.0,0.0,0.0,0.0,0.0,0.0,0.0,0.0,0.0,0.0,0.0,0.0,0.0,0.0,0.0,0.0,0.0,0.0,0.0,0.0,0.0,0.0,0.0,0.0,0.0,0.0,0.0,0.0,0.0,0.0,0.0,0.0,0.0,0.0,0.0,0.0,0.0,0.0,0.0,0.0,0.0,0.0,0.0,0.0,0.0,0.0
9.149057388000074,0.0,0.0,0.0,0.0,0.0,0.0,0.0,0.0,0.0,0.0,0.0,0.0,0.0,0.0,0.0,0.0,0.0,0.0,0.0,0.0,0.0,0.0,0.0,0.0,0.0,0.0,0.0,0.0,0.0,0.0,0.0,0.0,0.0,0.0,0.0,0.0,0.0,0.0,0.0,0.0,0.0,0.0,0.0,0.0,0.0,0.0,0.0,0.0,0.0,0.0
9.796278347001135,0.0,0.0,0.0,0.0,0.0,0.0,0.0,0.0,0.0,0.0,0.0,0.0,0.0,0.0,0.0,0.0,0.0,0.0,0.0,0.0,0.0,0.0,0.0,0.0,0.0,0.0,0.0,0.0,0.0,0.0,0.0,0.0,0.0,0.0,0.0,0.0,0.0,0.0,0.0,0.0,0.0,0.0,0.0,0.0,0.0,0.0,0.0,0.0,0.0,0.0
10.44726527900093,0.0,0.0,0.0,0.0,0.0,0.0,0.0,0.0,0.0,0.0,0.0,0.0,0.0,0.0,0.0,0.0,0.0,0.0,0.0,0.0,0.0,0.0,0.0,0.0,0.0,0.0,0.0,0.0,0.0,0.0,0.0,0.0,0.0,0.0,0.0,0.0,0.0,0.0,0.0,0.0,0.0,0.0,0.0,0.0,0.0,0.0,0.0,0.0,0.0,0.0
11.097919061001448,0.0,0.0,0.0,0.0,0.0,0.0,0.0,0.0,0.0,0.0,0.0,0.0,0.0,0.0,0.0,0.0,0.0,0.0,0.0,0.0,0.0,0.0,0.0,0.0,0.0,0.0,0.0,0.0,0.0,0.0,0.0,0.0,0.0,0.0,0.0,0.0,0.0,0.0,0.0,0.0,0.0,0.0,0.0,0.0,0.0,0.0,0.0,0.0,0.0,0.0
11.750040117000026,0.00804520538738876,0.03308965047514255,0.06046347410920862,0.09026928149203955,0.12260844138643887,0.15758048760599846,0.19528246973980667,0.23580825112265846,0.2792477521123279,0.3256861367998831,0.3752029413586331,0.4278711423332253,0.4837561632838341,0.5429148183324926,0.6053941913106629,0.6712304493803716,0.7404475901969477,0.8130561219009075,0.8890516754711536,0.9684135492427495,1.0511031856914383,1.137062580915166,1.2262126276014806,1.3184513926601764,1.4136523311242468,1.5116624383804222,1.6123003432845597,1.7153543452481608,1.8205803989514944,1.927700050947322,2.0363983330680893,2.1463216182396354,2.2570754450368313,2.3682223180918336,2.479279492284458,2.5897167495070104,2.698954177703062,2.806359962831305,2.9112482054016477,3.012876774270927,3.1104627519048913,3.2032405435935347,3.2905275848609272,3.371746293340063,3.446427336340491,3.5142268007487583,3.574942239838941,3.6285050517381148,3.6749554581226875,3.714435165642532
12.401087045000168,0.12041194571068076,0.1705949711264334,0.22495595026165643,0.2836542071960865,0.34684451302180325,0.41467590761424133,0.4872904314120835,0.5648217642310601,0.6473937682779262,0.7351189326994455,0.8280967171990049,0.9264117924824777,1.0301321755571842,1.1393072582053112,1.253965727288069,1.3741133759113116,1.4997308048994966,1.6307710144848935,1.767156886625059,1.9087785589159831,2.055490691673148,2.2071096304102213,2.3634104666573346,2.5241240008299792,2.6889336116875295,2.857472037809198,3.0293180774667423,3.2039932142892003,3.380958177196975,3.559609444232187,3.7392757011306803,3.9192142667695116,4.098607498983052,4.2765591956716715,4.452091007629713,4.624156421529627,4.791697390299275,4.953708550432476,5.109257678380815,5.257487463740342,5.397627434332676,5.529001015587816,5.651027739602955,5.763241916518127,5.865329032545979,5.9571422969787164,6.038676792322727,6.110035058745262,6.171427964365383,6.22320835354842
13.048185778001425,0.3413985542148581,0.4516804580161349,0.5707833806607256,0.6990233850886417,0.8367050006133199,0.984118649142981,1.1415378822748519,1.3092164234680836,1.4873850098413393,1.6762480285405124,1.8759799430848845,2.0867215056303534,2.308575751690364,2.54160377453314,2.785820277232096,3.0411889011893285,3.307617330884262,3.584952175625373,3.8729736302068645,4.171389917598714,4.479831518132055,4.797845191086764,5.124887796148631,5.46031992388382,5.8033993461823545,6.153274299554013,6.508976616222829,6.869414720163655,7.233366507559113,7.599472133630236,7.966244270847132,8.332120923441542,8.695525746636273,9.054884532880845,9.408622954292818,9.75517440931402,10.092982970403362,10.420501464141141,10.736206014054714,11.038628329923009,11.326388233348716,11.59823146025879,11.85305773296274,12.08991281597739,12.30799594617229,12.506717737161031,12.685740917445015,12.84494252219211,12.984342649767143,13.104095005700099
13.698788159001197,0.9138659804053555,1.0870127562884666,1.2722351482615535,1.4698617393155011,1.6801954846171387,1.9035097468081545,2.1400440768703097,2.3899997351193596,2.6535349475704813,2.930759893688251,3.2217314223995737,3.5264474942138486,3.8448413483664687,4.176775395085008,4.5220348343776084,4.8803210041656815,5.2512444621335295,5.6343178073512625,6.028948249549805,6.43442993589302,6.8499360472070565,7.27451067789581,7.707060516198483,8.146346344034926,8.590974378440706,9.03940501995579,9.490004093584197,9.941101531803193,10.39100616337473,10.838001699054358,11.28035276456914,11.71630598055022,12.144086124196901,12.561908706959528,12.968010256589855,13.360678798592144,13.738289583673405,14.099331060494285,14.442394815377181,14.766180877791433,15.069554753554943,15.351608601486692,15.611690241880053,15.849397508928428,16.064552994892544,16.25719051653063,16.427564583477725,16.576164074477564,16.70370631135136,16.81111402673914
14.349728961000437,1.8416116158456073,2.0893083226314553,2.351771959087449,2.6292355365590665,2.9218847719265986,3.229852523650001,3.553212923928637,3.8919752043714126,4.24607721375312,4.615378627736906,4.999653851876824,5.398584620784561,5.811752298056853,6.238629883420765,6.678573735569038,7.13081502133281,7.594450904180005,8.068435487539876,8.551570531142962,9.042495961435744,9.539697740620792,10.041558179272782,10.546413641505907,11.052568306124655,11.558289074734585,12.061810477288633,12.56133457510287,13.05502589673366,13.541022741909044,14.017466143083576,14.482528981210852,14.934450304260196,15.371559850101324,15.792266498158428,16.195062051850023,16.578576717431755,16.94163869916633,17.283301603923217,17.602837172646986,17.899708392397773,18.173561843367807,18.424254326374836,18.651869926561552,18.85669494090619,19.039181990316173,19.19994089757279,19.339760080809775,19.459625874992234,19.5607059374148,19.644318016713246
15.002160656000342,3.1453430472466635,3.4624112932198425,3.794683399324029,4.1421080342406675,4.504557645748032,4.881821497451821,5.273598405155648,5.679489177168713,6.0989887646639955,6.531478130167972,6.976215844387638,7.432329423868437,7.898806424432772,8.374485307978338,8.858046103023517,9.34801842281333,9.84283192513099,10.340874161914007,10.840504481156291,11.340049071045325,11.837805995702642,12.332045221371763,12.82100366717068,13.30289661423934,13.775946761399101,14.238413422374336,14.688626911464677,15.12501311755843,15.546081989058523,15.950431329809556,16.33680226961694,16.70413882715749,17.05161525616082,17.378628689979383,17.684772135832972,17.96982667061917,18.233787881185684,18.476882702099424,18.69954407573756,18.902374752611593,19.086121522708606,19.25163981981318,19.399842419753174,19.531648503482575,19.647961883643998,19.74968839950896,19.837757381132583,19.91311584214279,19.976700394145595,20.02942194491494
15.653059779000614,4.837606363264405,5.220978528294937,5.6178777129146695,6.027782854183379,6.450060141633326,6.883954806576654,7.328582664610505,7.78292142653487,8.245801795494808,8.715898370929313,9.191737923293418,9.671750123804838,10.1543256773684,10.637830521156573,11.120601178729002,11.6009501189241,12.077166118156406,12.547509659944671,13.01022470512058,13.463568120359058,13.905839259501693,14.335414743872978,14.750773440673289,15.150485361087656,15.533215877132696,15.897781619624485,16.243210473707936,16.568769361309197,16.87395732394334,17.1584789553011,17.422237033458895,17.665359393366842,17.88821619020556,18.09139497578173,18.27566490299822,18.441951346079577,18.591300875176675,18.72483030271012,18.84367606853061,18.948972758445304,19.04186825087386,19.123527858984566,19.195089858611123,19.257599942577148,19.311978453461858,19.359042926161703,19.39954958781339,19.434194912526255,19.46357345708411,19.488149596936967
16.18114197000068,3.2433513117568245,3.869006798746258,4.498472740548892,5.129979920065607,5.761668922399658,6.391595034602481,7.017775740830015,7.638245770546694,8.251068370549097,8.854327897857493,9.446132588803769,10.024612508030412,10.587912715343775,11.134202987075476,11.661705381927254,12.168722147276565,12.653669012857199,13.115098870855723,13.55168956329185,13.962247174232305,14.34576118706864,14.701463920486256,15.0288579290267,15.327708877581212,15.598018934517853,15.840019527942038,16.054198499778675,16.24131780167573,16.40238914767808,16.5386389308476,16.651483683000354,16.7424960070103,16.813354689183676,16.865795248226608,16.90158970407792,16.922563049348927,16.9305987779293,16.927595847472077,16.915404601973627,16.89579549121866,16.870468067640832,16.841040086382115,16.808990363937358,16.775618007939332,16.74205682838389,16.709301053019953,16.67819721994103,16.64941475641156,16.6234365725652,16.60058343842066
16.828207032000137,17.192082347991168,17.25335912400222,17.315040084900318,17.37685066448969,17.4383433457781,17.498911461053336,17.557797988374563,17.614099356551773,17.666785572850753,17.71473794422336,17.756786871896892,17.791754752922422,17.818488977038974,17.83585873147623,17.842767005251332,17.838214149267205,17.821365403812816,17.791586079068512,17.748441899221113,17.691679557567383,17.62122633104209,17.537223793911288,17.440051780662063,17.33031001991614,17.2087887541433,17.07644963254707,16.934396815260897,16.78383200542565,16.626009675012337,16.462221277178735,16.293815937500394,16.12220998822639,15.948847731771988,15.775140968990806,15.602441138074568,15.432051553387785,15.265219578387708,15.103082395928181,14.946628995898504,14.79671719731772,14.654111856905587,14.519512924344966,14.393555788186548,14.276773875255087,14.169557319177574,14.072152791731378,13.984703236305066,13.907277382598933,13.839848946979973,13.782258092416471
17.480134918001568,9.518079495882573,10.046844411643457,10.563880433493669,11.067182052396628,11.554796490611084,12.024852471508755,12.475594314596632,12.905406358255211,13.312801434489412,13.696424796613773,14.055109863403805,14.387938196558924,14.694267400502108,14.973724456871391,15.226179541306536,15.451739169806649,15.65077371198886,15.823935417748425,15.972134374620552,16.096503705216048,16.198375285935988,16.27924591828203,16.34072766196108,16.38449858782419,16.41228273524729,16.425866757845185,16.427105613038048,16.417879672950374,16.40003078342881,16.375331108320093,16.345492239728813,16.31215440000265,16.276829390589125,16.240859899867868,16.205433979596073,16.171620834923505,16.1403965815962,16.112642408221735,16.08910510094104,16.07035374122065,16.05676388443537,16.048502897338796,16.045502665269492,16.047469781541167,16.053964542486447,16.064486108831687,16.078464863192103,16.09516949113321,16.113659098526373,16.132845530527366
18.126983592001125,24.58043993946256,24.36307593687817,24.137554019346094,23.904269058718068,23.663523039264756,23.415593628429342,23.160806656055552,22.899576162038308,22.632409499687405,22.35989252111215,22.0826936741406,21.80160203364719,21.51755540241907,21.23162589036705,20.944994275632503,20.658934425455694,20.37478770707957,20.09392109896809,19.817685263416752,19.547401370002632,19.284384160259723,19.029953617110603,18.785397625934426,18.55191316472625,18.330579872314654,18.122373488237123,17.928159003859985,17.74863719459841,17.584307160845,17.43548370347023,17.302335695732783,17.184914122698455,17.083152244065815,16.996827856268965,16.925521483556203,16.86860182512425,16.825212156209524,16.794243914157246,16.774347602437192,16.7640123569254,16.761679119835698,16.765841093588676,16.7750951711052,16.78814562510284,16.80381020001512,16.82104366710595,16.838948796924882,16.856760988175438,16.87382536446031,16.889598929554758
18.777920191001613,24.84498859540614,24.570583448527884,24.297246968437257,24.02601493635714,23.757973533712732,23.494263515531195,23.236118147316958,22.984891031065963,22.74204122032317,22.50910691950412,22.287689037595932,22.079424519355385,21.88594315773803,21.70882414272385,21.549581130733543,21.40968332045777,21.29056489479164,21.19358521268046,21.119967286067325,21.070768389503776,21.04689029553094,21.04906897589824,21.077817439992618,21.133384340710094,21.21576717743643,21.324746263037255,21.459908132361168,21.620640855989603,21.80609124446283,22.01511778366066,22.246270641118922,22.497772455712028,22.767486158186987,23.052919974030804,23.351300973667346,23.659682138326264,23.97503663923233,24.294303054487635,24.614382836758132,24.93214020868969,25.24442459438088,25.548121913989295,25.84026612632061,26.118172241172218,26.379515686261215,26.62234931154742,26.845063088932815,27.046330397863038,27.225114850050886,27.380716380746932
19.42863310100074,31.69938700341739,31.141186158737533,30.601043587933066,30.082401749325868,29.588629445562386,29.1230108875518,28.688724237606063,28.28880330171977,27.926098595210796,27.603266537725414,27.322794237903622,27.087012204451685,26.89805734698993,26.757813783870258,26.66788528891436,26.62960685690884,26.644035216955878,26.711891956359654,26.833521878847687,27.008905422614955,27.237691303171697,27.519218058853653,27.852506965385214,28.236216309720305,28.668590871221802,29.1474379597882,29.6701037357001,30.233436073608235,30.83378413976462,31.467066067895395,32.128869725351535,32.814540293488186,33.51921841608218,34.237830261605055,34.96507971239285,35.69546282871399,36.42331095819858,37.14289392273647,37.848544555909065,38.53472953128019,39.19611420419461,39.82771679686351,40.425089387718494,40.98439926137266,41.50245079996146,41.97673694754085,42.405471448445226,42.78754302379142,43.12244289081384,43.41025209732329
20.075787890000356,20.41538342499719,20.554455391726513,20.724789754736477,20.928575065244186,21.167957446353842,21.44505402685786,21.76195438574797,22.120672378333893,22.52307586610589,22.97084818486984,23.465488831427123,24.00829319641196,24.600285002776918,25.242164069048492,25.93430821689025,26.676795480943,27.469415290939295,28.31165108398045,29.202624328265422,30.14103379717054,31.12512143410609,32.15263852392342,33.22079842468322,34.32626602086691,35.46521527620474,36.63341987152907,37.826330646576885,39.03910359592771,40.26657976287811,41.50326724408804,42.74334545480913,43.98069802918495,45.20900579418071,46.42186109928447,47.612828454214785,48.775499212229384,49.90363564700087,50.99134190567211,52.03313541970746,53.02395898343763,53.95924010558283,54.83499898742545,55.64796387289893,56.39566002123375,57.07644730909034,57.68950651141093,58.23479058155353,58.71298855737206,59.125537175418444,59.47464635135503
20.72808774800069,23.23137853222427,23.50927322070941,23.835156002681714,24.2116595694694,24.641197648301034,25.1259662008599,25.66792351466805,26.26872283282561,26.929660127936774,27.651675827140398,28.435376634265797,29.28104610783693,30.188626442221235,31.157661423315602,32.18723438848259,33.275932522710384,34.42181119907674,35.622344610425145,36.87441284726039,38.17435679483216,39.518065830527746,40.9010520371812,42.31847468019818,43.76511629110526,45.23536057033166,46.72319226024734,48.222225365485514,49.72579116305603,51.22704728984684,52.719032866807865,54.19471740618177,55.64713886033735,57.069568307344205,58.45557486948774,59.79903109138697,61.09416540207725,62.33566303625239,63.51877418404076,64.63939564678944,65.69410103548886,66.6801271111182,67.59534139349962,68.43822868102586,69.20792032902115,69.90422998305696,70.52764692163566,71.07928575915628,71.56084010961187,71.97458905178061,72.32343130413042
21.379088356001375,15.967509630671694,17.01824305556711,18.124859364954958,19.28752589205945,20.506217719224786,21.780729451976224,23.110675848689016,24.49546376954088,25.934225429645814,27.425746796911124,28.96842247493736,30.56021078509692,32.198575298652926,33.88046297596222,35.602350286033605,37.36032228631,39.150138375650165,40.967248464571504,42.80676090048814,44.6634123550077,46.531559817859666,48.40520106748672,50.27805505342091,52.14366347042514,53.99543847599834,55.82670428998395,57.630828027432926,59.401377252821575,61.132177845296304,62.817312395735115,64.45116575491069,66.02851910380859,67.54465131240777,68.99541386254243,70.37725437097018,71.68719631290196,72.92280007517421,74.08214298576873,75.1638421736623,76.16708396356012,77.09161848762726,77.93773581813088,78.706248684006,79.3984767541503,80.01623372420161,80.56181467469673,81.03797238838615,81.44790137425827,81.79523580769148,82.08404879383468
22.026145601999815,25.532635793774052,26.77539940781341,28.07135005198717,29.420887573785752,30.823993894396043,32.28018966822018,33.788491126054375,35.34735333019873,36.95464997731758,38.60772110242912,40.30345364529949,42.03834857489104,43.80853829983759,45.609755687803016,47.43730488709392,49.28605408257081,51.15045654450561,53.02463139525416,54.902465364589474,56.7776604772702,58.64377540466776,60.49435582579493,62.32309128114132,64.12387210541488,65.89078665754388,67.61816546594375,69.3006736600003,70.93341045518264,72.51198196974927,74.03252241279539,75.49167124883851,76.8865314744313,78.2146466612329,79.47402062871969,80.66314346182095,81.7809825679228,82.82695509114477,83.8009067626304,84.70309218719491,85.534157822508,86.2951314045437,86.98740026600827,87.61267101003217,88.17293682237259,88.67047869889633,89.10787924927492,89.48801520304538,89.81402731345212,90.08929391235718,90.31743686995353
22.677131862999886,19.067622502161388,21.261030228492867,23.504678330878523,25.79443727955467,28.125881307174414,30.494355312116642,32.89502839958328,35.32289781950608,37.77274465095289,40.23909144929366,42.71618200738231,45.197989605200476,47.6782851854769,50.15072673587628,52.60889482843583,55.04632205278012,57.45661169101121,59.833583118319275,62.17131751437324,64.46414410135539,66.70667352292878,68.89387973036892,71.02118913776275,73.08454331815194,75.08041027391045,77.00575187992837,78.85797262849731,80.63488732396058,82.33473158435946,83.95617886001546,85.49832265893538,86.96064029335663,88.342963223733,89.64544899938285,90.86855605234813,92.01302510022292,93.07984960851293,94.0702277806438,94.98552236683747,95.82725457889309,96.59711203740373,97.29695067462255,97.92881060534096,98.49495093996836,98.99788094657944,99.4403637114533,99.82538473043698,100.15611419248863,100.43590298835404,100.66830736931371
23.329060989000936,37.81433261821637,39.92438250840168,42.07268177544759,44.25572395507768,46.46960862376773,48.71002649254358,50.972272703031585,53.251319734219805,55.54191117397777,57.838601281883086,60.13578805808272,62.42783514653097,64.70922003926863,66.97458215153252,69.21871097034267,71.43658087964674,73.6234340190115,75.77486993046367,77.8869082599756,79.95599954341517,81.97899167397217,83.95307718031549,85.87575896584485,87.74485837053643,89.55852927159964,91.31523692116527,93.01371784577248,94.65294589658698,96.23209946446593,97.75053113365645,99.20774354956716,100.60335397339703,101.93704001661779,103.20849287417907,104.41740437402129,105.56346780300412,106.64637246920833,107.66581205302558,108.62151176473397,109.5132517624389,110.34087931832381,111.10434231259016,111.80377162135396,112.43959109961779,113.01262383338606,113.52414328294375,113.97581292031508,114.36958073905616,114.70766266313532,114.99262233334683
23.979716944000756,35.66198922088358,38.61969064964804,41.60041639184572,44.59701912057989,47.60239569371401,50.6095060864934,53.61148110271754,56.60175636009688,59.574106144439384,62.52261735634262,65.44171017095537,68.32620678202544,71.17140699608646,73.97313695183912,76.72774600069427,79.43205934950888,82.0833115969363,84.67909881434673,87.217373032111,89.69644284573315,92.11493883756779,94.47176013592234,96.76602719729594,98.9970358227443,101.16421367935054,103.26708310001945,105.30521263300555,107.27814983390645,109.18536162009741,111.02620850792788,112.7999326974126,114.50563997114389,116.1422954690096,117.70873836823775,119.20369293737726,120.6257684700445,121.97348069910453,123.24532228249201,124.43986109061933,125.55583500239672,126.59222945585266,127.54836032986611,128.42399099294792,129.2194346689705,129.93558574359213,130.57390255677163,131.13637298582313,131.6254878478864,132.04424463421873,132.39615772146246
24.630563205000726,78.01942762981014,79.48832585679264,80.98475940222372,82.50651476403296,84.05120183462006,85.61630360422836,87.19927301565001,88.797635674436,90.4090646366581,92.03140226531002,93.66263671910484,95.30085817492166,96.94423241131759,98.59101559653122,100.23957398383936,101.8883672037147,103.5359114732494,105.18074781185724,106.82141028176355,108.45639553573719,110.08413746042055,111.70296940521295,113.31106651115098,114.90639448442734,116.48669116229594,118.04946086611642,119.59196154073004,121.1112047765371,122.60397378079625,124.06683680588355,125.49614858153147,126.88807239492176,128.23865045502598,129.54390131829985,130.7999131318874,132.00291899144247,133.14937704321866,134.23608422156644,135.26027482905675,136.21964764248108,137.1123679567634,137.93711728041242,138.69317192547143,139.3804253212078,139.99933401961385,140.55086883313248,141.036528728805,141.45837987259284,141.8190521374683,142.121683010784
25.277839637999932,92.06675097681578,93.25156552942067,94.46695060749356,95.71145245419486,96.98367281044254,98.28225275159699,99.60583592188844,100.95304878084447,102.32252169398163,103.71291456132539,105.12290566564509,106.55116005492661,107.99630254366056,109.45689034842391,110.931386638485,112.41813878928404,113.91534382937951,115.42099359700573,116.93282595358757,118.4483084056105,119.96463413414529,121.47871043662234,122.98715968344943,124.48633786301323,125.97234823059888,127.44104261681018,128.88804304868646,130.30881132999608,131.69874536867067,133.05327101918206,134.3679157494251,135.63838677505092,136.86068256655426,138.0311889514098,139.1467035105386,140.2044346981756,141.20204841686189,142.1377433097311,143.01026961972428,143.81887160544252,144.5632324712269,145.24347820713908,145.86021403450084,146.41453832701922,146.90800517879526,147.34256316111498,147.72053162900676,148.04463458495331,148.31803316717665,148.54430032759313
25.928669836001063,102.00017010168084,103.01872993251932,104.07500780565631,105.167845528738,106.2960517171388,107.45839618619323,108.6535835886011,109.88023137969552,111.13684712520852,112.4218064323648,113.73333529310705,115.0694793317574,116.42805247565583,117.80659139912106,119.20234209566622,120.61225858177235,122.03299374122797,123.46090241739905,124.89206183204834,126.32228685158246,127.74713266188114,129.16191751067234,130.5617931698684,131.94184191190814,133.29716877411548,134.6229754269605,135.9146382955969,137.16781984651075,138.37856426820844,139.5433212519647,140.65894430855704,141.72273635969148,142.73252387341458,143.68667440043365,144.5840375085287,145.42388808033226,146.20592837807826,146.93032257918165,147.59770866118893,148.20915881625893,148.76610091166435,149.27022227470798,149.72338459082457,150.12759373298533,150.4850194738347,150.7980036486275,151.06902790895944,151.30067610153986,151.49563382083693,151.65671881936163
26.580725234000056,111.61851311430863,112.54055155024477,113.49864535005511,114.4917424286857,115.51858615661217,116.57770298193009,117.66737684924448,118.78560292782464,119.93004699454178,121.0980368228389,122.28656557839972,123.49228722883842,124.71152407394425,125.94029147503333,127.17431730489557,128.409048680689,129.63967864044872,130.8612204177522,132.068608111058,133.2567925244682,134.42081849873549,135.55590638494547,136.65756657581946,137.72169832666196,138.74461657499083,139.7230531976509,140.6542054467883,141.53581283638985,142.36617733840046,143.14410688731837,143.86886115983316,144.5401560339173,145.15820043151442,145.72371042306742,146.23787177312718,146.70226344194546,147.11876331914883,147.4894649752158,147.81664924503625,148.10280559031577,148.35064055047758,148.56302938098318,148.7429296186252,148.89331289699152,149.01711871216153,149.11720752753953,149.19635575756993,149.25729633170766,149.30274213816858,149.33536347601
27.228098911000416,117.70844294531138,118.76069488739898,119.83676036167469,120.93459908098781,122.05181172758486,123.18564428030372,124.33298443961965,125.49037025199874,126.65401600741502,127.81983292718243,128.98343720045384,130.14017802636542,131.28521331296594,132.41361182630246,133.52045056349837,134.60089366592948,135.65027552238325,136.6642169747386,137.6387258558873,138.5702255667046,139.45555812867465,140.2920344513561,141.0775130841661,141.8104223091985,142.48970557157008,143.1147692113099,143.68548889846485,144.20224847260607,144.66595606175522,145.07800865644532,145.44021764994895,145.7547166165164,146.02388010866557,146.25029728265667,146.4367952932623,146.58644976128264,146.70253840593932,146.78845657428104,146.84765098271345,146.88357536191816,146.8996228325348,146.8990487248205,146.88492512035359,146.86012579809145,146.82732398291452,146.7889827928589,146.74733958443298,146.70440920456457,146.66200109274143,146.6217276407962
27.878979480999988,113.47021627760114,115.18300169502038,116.89667555909811,118.60621758294127,120.30647678618001,121.99216859896099,123.65789219957689,125.2981957550357,126.90766837308138,128.48102755182686,130.0131884528199,131.49933765473025,132.9350403052802,134.3163319041936,135.6397384251745,136.9022712130521,138.10146939330218,139.235471060108,140.3030280951772,141.30344460827823,142.2365179570933,143.10253874090012,143.90232346149102,144.63722471809456,145.3090901033991,145.92018230285896,146.47308166014687,146.97059998080033,147.41574937428908,147.81176106689625,148.1620914804314,148.47037166085173,148.7403187813337,148.97566602786515,149.1801145522093,149.35726231391004,149.51052351962744,149.64307993379842,149.75786273977988,149.85754734743873,149.9445397893813,150.02094713499716,150.08854941481755,150.14879180655498,150.202827116537,150.25160100980895,150.29588223965828,150.33619275332387,150.37273538446343,150.4054155950359
28.529723528999966,119.60251176162386,121.31419213857193,123.01077998715853,124.68613710486106,126.33429943732328,127.94954503751794,129.52646632629973,131.0600755847577,132.54589492306923,133.9799744449679,135.35888505427272,136.6797586502499,137.94035698682083,139.1390840560199,140.2749219942342,141.34736947582152,142.35643899509893,143.30268673612628,144.18721990265138,145.01165268056474,145.77802333999207,146.48869374459775,147.14626004467618,147.7535183586689,148.31348037985498,148.8293762075946,149.30460049163577,149.7426206185959,150.1469032534606,150.52086292599225,150.86778748909305,151.19075416319282,151.49257744690527,151.77578757990062,152.04262196135468,152.2950081742387,152.53453105343885,152.76240129983066,152.97944440217623,153.18613991200374,153.38271606608052,153.56923334284062,153.7456181078188,153.91168017452415,154.0671418455941,154.2116847021925,154.3449702956603,154.46659465517055,154.5760417688177,154.67269367956425
29.176758542000243,146.2139814323795,146.65398653286044,147.07625050898469,147.47829995757866,147.85786812899647,148.21290944225973,148.54166080551025,148.84273098884333,149.11513288756842,149.35823865725064,149.57173667272986,149.75564670410665,149.91036700513556,150.03669818607548,150.13581504634408,150.2091988800922,150.25855153092638,150.2857199833768,150.2926753088388,150.28154091762204,150.25460743289824,150.21429029274395,150.1630488281086,150.10332314906972,150.03749254937216,149.96781027677682,149.8963284039471,149.82485410076933,149.75493601452126,149.68786318136222,149.62465513901162,149.56603569754472,149.5124078885664,149.46384887182813,149.4201548605777,149.38094107519757,149.34573032513845,149.3139913864375,149.28516101198517,149.25867714851063,149.2340496818971,149.21094616939618,149.18919233664738,149.16869235771497,149.14937040638276,149.13116605630805,149.11406974983015,149.09815197942405,149.08354233060993,149.0703922130979
29.82882341700133,164.7766789807715,164.17237280871993,163.55964048896976,162.93977570395114,162.3141361622067,161.68411842407647,161.05119047561487,160.41695571176427,159.78319317163314,159.15184517690426,158.52496486671586,157.90464488970593,157.29295602920632,156.69193957134087,156.1036483630395,155.53017387422477,154.9736153716587,154.43600995615643,153.9192798017574,153.42520031521084,152.95534407358574,152.5110142867477,152.0932090991576,151.70261545233728,151.3396149476191,151.0042803962498,150.69635553190452,150.4152354247894,150.159966395991,149.92929551351688,149.7217747002025,149.53585307448034,149.36991871257808,149.2223236907997,149.09142000349257,148.97563270002863,148.87354772111414,148.78391423405984,148.7055665068873,148.6373668310776,148.57819206889073,148.5269463077623,148.48259588550064,148.44421052035452,148.41098926716037,148.38225252463377,148.35741389171167,148.33597323216333,148.31753972951216,148.30185487274537
